42.9931, 56.9684, 4.35333, 0.790242, 0.461923, 0.22745, 898.537, 525.225, 258.62, 18.8255, 18.7647, 49.9307, 4.15912, 3.36936, 3.32084, 684.509, 
554.531, 546.545, 43.9553, 39.6973, 52.1622, 0.0183893, 0.145654, 0.677384, 18.7903, 148.83, 692.154, 52.1824, 49.531, 14.321, 0.0529572, 0.00651129, 
0.107595, 214.647, 26.3916, 436.106, 49.939, 57.1788, 48.0048, 0.160529, 0.145651, 0.0801232, 774.093, 702.347, 386.365, 56.8647, 20.4227, 19.6082, 
0.152888, 0.187157, 0.209895, 643.039, 787.174, 882.808, 48.1538, 12.5704, 23.5488, 1.93635, 0.361754, 3.58228, 389.766, 72.8171, 721.074, 37.7357, 
47.8638, 41.2862, 0.142336, 0.308613, 0.162517, 261.489, 566.958, 298.562, 24.7921, 38.8869, 55.0401, 1.5738, 1.37559, 0.993003, 691.277, 604.214, 
436.167, 39.0824, 15.6716, 20.8095, 0.145463, 0.187202, 0.0303932, 541.007, 696.243, 113.038, 9.3924, 2.4588, 7.59747, 0.658492, 0.649496, 0.288036, 
860.065, 848.315, 376.208, 38.6747, 11.0442, 20.2146, 0.112564, 0.0275431, 0.204369, 492.567, 120.526, 894.3, 25.2177, 53.0463, 55.6089, 0.146352, 
0.207899, 0.0801084, 615.51, 874.356, 336.91, 23.7665, 49.4923, 56.0491, 0.168535, 0.0460832, 0.269257, 252.974, 69.1717, 404.159, 10.2981, 19.4924, 
41.996, 0.660342, 0.677993, 0.190746, 473.312, 485.965, 136.72, 57.9956, 28.3821, 46.1803, 0.296818, 0.0149191, 0.314376, 303.828, 15.2714, 321.8, 
26.8031, 13.587, 6.664, 0.23336, 0.150461, 0.166829, 933.33, 601.772, 667.24, 52.0317, 59.7102, 59.1373, 0.114658, 0.289088, 0.227148, 313.314, 
789.959, 620.7, 20.7333, 23.7226, 55.8028, 0.157429, 0.130773, 0.0548858, 552.013, 458.546, 192.453, 5.02379, 0.73877, 3.92893, 0.264333, 0.229921, 
0.31011, 575.456, 500.541, 675.113, 22.7224, 29.8811, 52.3356, 10.8051, 4.89273, 11.6235, 685.478, 310.397, 737.397, 12.0763, 13.6881, 2.08702, 
0.305853, 0.250338, 0.297887, 879.063, 719.506, 856.168, 42.4821, 33.1043, 41.1789, 0.223333, 0.111442, 0.0191582, 578.531, 288.685, 49.6282, 7.61695, 
6.33805, 8.24126, 0.139018, 0.190647, 0.129035, 388.009, 532.108, 360.145, 26.348, 27.6748, 5.86963, 0.485987, 0.0176252, 0.136469, 794.06, 28.7981, 
222.978, 7.82881, 41.5396, 36.1953, 0.64642, 0.350616, 0.00821132, 767.439, 416.257, 9.74861, 18.871, 38.3059, 6.84229, 0.100684, 0.21242, 0.194474, 
386.972, 816.418, 747.445, 22.974, 11.9072, 39.0588, 0.344884, 0.0868784, 0.452255, 740.27, 186.478, 970.732, 3.10451, 15.2206, 20.5505, 0.0202316, 
0.10228, 0.156117, 91.3774, 461.956, 705.113, 37.2478, 40.4379, 34.377, 0.00344808, 0.145213, 0.0671691, 16.8794, 710.862, 328.813, 3.64572, 31.9063, 
1.97152, 0.081934, 0.571633, 0.443686, 96.4919, 673.2, 522.519, 42.2531, 48.4296, 16.9594, 0.164236, 0.292751, 0.252585, 560.082, 998.344, 861.368, 
28.9798, 5.59757, 58.5861, 0.102956, 0.0236324, 0.161579, 283.603, 65.098, 445.087, 36.1671, 20.1544, 33.3477, 0.0397444, 0.235838, 0.209024, 106.203, 
630.194, 558.542, 5.62838, 12.3124, 19.6399, 0.186975, 0.194406, 0.156883, 666.258, 692.739, 559.03, 37.7647, 10.0212, 40.7793, 0.456575, 0.430323, 
0.254267, 976.107, 919.983, 543.596, 25.3191, 21.2495, 28.6902, 0.158232, 0.188291, 0.00257956, 657.954, 782.946, 10.7262, 25.4596, 53.4951, 44.9972, 
0.235701, 1.30326, 0.692307, 177.685, 982.468, 521.9, 52.2918, 44.5833, 47.2069, 0.237339, 0.110232, 0.0529107, 749.683, 348.189, 167.129, 54.3043, 
7.60244, 10.2773, 0.172275, 0.140488, 0.206283, 761.372, 620.889, 911.675, 45.3129, 15.2964, 34.3428, 0.0596589, 0.0104967, 0.0858761, 100.787, 17.733, 
145.078, 45.2736, 54.96, 54.36, 1.72123, 1.61615, 0.200054, 695.519, 653.057, 80.8383, 12.652, 33.7213, 58.3524, 0.760532, 0.639848, 0.121097, 
956.89, 805.046, 152.362, 7.8525, 42.2054, 3.2745, 0.791978, 0.776296, 0.547418, 518.183, 507.922, 358.17, 41.1495, 15.8022, 5.60127, 0.0800395, 
0.193225, 0.140272, 337.595, 814.996, 591.648, 16.7911, 40.0145, 28.0403, 0.13084, 0.209789, 0.20556, 614.237, 984.871, 965.017, 51.7835, 5.08893, 
42.0264, 0.280303, 0.329962, 0.154443, 480.388, 565.494, 264.687, 54.909, 15.9305, 48.3981, 0.899184, 0.222678, 0.295215, 879.734, 217.862, 288.83, 
19.0786, 18.1816, 28.4775, 0.129715, 0.313978, 0.0351797, 308.716, 747.254, 83.726, 14.1926, 31.3305, 37.6068, 0.122332, 0.265476, 0.0628045, 410.367, 
890.549, 210.68, 37.0832, 35.9352, 56.4631, 0.0538404, 0.150384, 0.067274, 250.159, 698.731, 312.576, 34.0891, 52.1835, 37.2812, 0.175533, 0.220575, 
0.103476, 767.525, 964.47, 452.45, 36.2863, 4.7131, 10.35, 0.101561, 0.130226, 0.14523, 435.701, 558.676, 623.045, 40.2965, 48.2198, 37.3302, 
3.56067, 8.77939, 1.4195, 317.795, 783.573, 126.693, 33.5518, 6.71943, 16.0572, 0.250323, 0.304904, 0.0732201, 741.599, 903.298, 216.919, 41.8361, 
34.0402, 45.3085, 0.0991306, 0.269173, 0.229941, 177.132, 480.973, 410.871, 15.7024, 12.261, 54.1052, 0.286074, 0.345554, 0.328477, 776.233, 937.627, 
891.29, 58.6939, 12.1038, 32.8477, 0.189705, 0.340526, 0.224988, 463.33, 831.694, 549.505, 59.0652, 53.7476, 10.7086, 0.206947, 0.101835, 0.194673, 
959.575, 472.19, 902.662, 41.9285, 42.694, 19.0483, 0.0899666, 0.129266, 0.242922, 294.924, 423.751, 796.334, 17.4241, 43.8596, 5.99679, 0.172035, 
0.0266747, 0.118069, 802.402, 124.416, 550.696, 22.3704, 13.355, 16.8785, 0.165212, 0.0709123, 0.068589, 504.292, 216.452, 209.361, 7.40773, 24.2319, 
23.0096, 0.454287, 0.530361, 0.0213969, 820.013, 957.329, 38.6225, 59.2834, 46.4862, 50.2943, 0.210744, 0.216028, 0.182484, 270.207, 276.982, 233.974, 
55.2995, 25.5288, 23.2604, 3.37945, 0.362436, 7.4908, 343.264, 36.814, 760.868, 19.0501, 1.51611, 9.50962, 0.0748793, 0.294242, 0.11818, 219.486, 
862.483, 346.408, 37.0023, 42.7659, 54.8175, 0.183606, 0.0397669, 0.0920769, 708.799, 153.518, 355.458, 0.844973, 38.6212, 16.5279, 0.166177, 0.078708, 
0.200177, 827.701, 392.032, 997.052, 37.2279, 54.221, 17.1003, 0.0806442, 0.00336538, 0.225848, 276.913, 11.5559, 775.507, 36.2532, 28.5765, 47.5634, 
1.02357, 0.615532, 1.27413, 509.192, 306.207, 633.841, 21.2028, 57.6834, 22.7123, 0.0450696, 0.0473669, 0.424354, 58.9647, 61.9702, 555.184, 24.1799, 
11.0741, 19.6026, 0.189118, 0.233182, 0.0170875, 775.521, 956.214, 70.0712, 45.6162, 6.48544, 24.7069, 0.568897, 0.812502, 0.237564, 652.212, 931.492, 
272.355, 20.0333, 46.9238, 21.0722, 0.188632, 0.0794434, 0.0704494, 815.599, 343.494, 304.606, 4.85217, 52.9198, 47.2884, 0.129621, 0.0872797, 0.165483, 
573.158, 385.935, 731.736, 18.4729, 30.7003, 59.0353, 0.0432863, 0.106256, 0.152423, 201.154, 493.78, 708.319, 45.7594, 44.7882, 34.6925, 1.23761, 
4.4127, 1.75042, 254.545, 907.579, 360.016, 54.4834, 48.0745, 37.329, 0.0437505, 0.19717, 0.11473, 162.249, 731.207, 425.477, 30.3961, 57.3862, 
26.735, 0.563717, 0.305798, 0.684391, 795.385, 431.471, 965.653, 5.00627, 33.5621, 58.828, 0.916375, 1.1229, 0.660336, 787.464, 964.936, 567.443, 
35.2603, 35.984, 56.0987, 0.367517, 0.470219, 0.109947, 598.633, 765.921, 179.088, 59.3048, 5.15497, 49.9708, 0.0130368, 0.28777, 0.191509, 44.6171, 
984.858, 655.417, 19.9729, 12.0716, 2.16574, 1.34045, 1.34004, 0.0736743, 957.455, 957.162, 52.6241, 13.6351, 26.3557, 2.81105, 0.487009, 0.178447, 
0.0453452, 470.701, 172.472, 43.8268, 15.9433, 12.6828, 54.93, 0.0750054, 0.173196, 0.203713, 307.305, 709.599, 834.633, 15.0967, 1.53489, 1.28238, 
0.154312, 0.104218, 0.0487872, 626.738, 423.28, 198.149, 1.45656, 19.6221, 23.6036, 2.24651, 2.21219, 2.64088, 476.679, 469.397, 560.357, 40.2342, 
5.99065, 22.7213, 0.122942, 0.0834765, 0.2015, 491.412, 333.664, 805.415, 58.4621, 40.4966, 24.8458, 11.5452, 6.93759, 9.87897, 612.53, 368.073, 
524.127, 53.7654, 51.9908, 14.3876, 0.236073, 0.214405, 0.135321, 977.363, 887.655, 560.243, 15.9484, 32.3602, 53.9532, 0.206474, 0.0655978, 0.10824, 
481.806, 153.072, 252.578, 13.9135, 22.8117, 20.3319, 0.0409586, 0.268026, 0.0402888, 132.274, 865.579, 130.111, 5.96035, 57.9032, 4.87426, 0.0382402, 
0.0205061, 0.0297821, 160.522, 86.0792, 125.017, 29.2102, 45.7819, 48.6813, 0.610019, 3.00419, 1.67574, 182.178, 897.178, 500.447, 27.7921, 39.6159, 
5.7431, 1.06925, 1.09996, 0.221856, 954.663, 982.08, 198.081, 1.48906, 23.5022, 41.8608, 0.682574, 2.16479, 3.4618, 182.245, 577.993, 924.289, 
53.7859, 16.2015, 8.46873, 7.89922, 9.92549, 10.1896, 760.993, 956.2, 981.646, 41.9201, 36.1114, 52.3843, 0.204592, 0.189781, 0.189785, 963.729, 
893.964, 893.982, 31.1642, 44.3585, 8.992, 0.0904459, 0.0790125, 0.0144517, 384.607, 335.988, 61.4534, 53.4103, 19.6641, 55.1928, 0.109314, 0.131297, 
0.020431, 462.546, 555.565, 86.4512
