43.2302, 57.1069, 4.42157, 0.790242, 0.461923, 0.22745, 898.537, 525.225, 258.62, 20.0732, 19.7755, 50.9269, 4.15912, 3.36936, 3.32084, 684.509, 
554.531, 546.545, 43.9608, 39.741, 52.3654, 0.0183893, 0.145654, 0.677384, 18.7903, 148.83, 692.154, 22.0542, -20.7561, 33.3221, 37312.4, -73744.7, 
-3752.24, 1.58418e+08, -2.74225e+08, 4.15524e+06, 49.9871, 57.2225, 48.0289, 0.160529, 0.145651, 0.0801232, 774.093, 702.347, 386.365, 56.9105, 20.4789, 19.6711, 
0.152888, 0.187157, 0.209895, 643.039, 787.174, 882.808, 48.7347, 12.6789, 24.6235, 1.93635, 0.361754, 3.58228, 389.766, 72.8171, 721.074, 47.1736, 
33.0738, -23.5909, 3.73227e+06, 9.63072e+06, -7.47119e+06, 6.27305e+09, 1.85194e+10, -1.43137e+10, 25.2643, 39.2995, 55.338, 1.5738, 1.37559, 0.993003, 691.277, 604.214, 
436.167, 39.1261, 15.7277, 20.8186, 0.145463, 0.187202, 0.0303932, 541.007, 696.243, 113.038, 9.58648, 2.66068, 7.68502, 0.612658, 0.741038, 0.302781, 
799.147, 969.923, 395.792, 38.7085, 11.0524, 20.2759, 0.112564, 0.0275431, 0.204369, 492.567, 120.526, 894.3, 25.2616, 53.1087, 55.6329, 0.146352, 
0.207899, 0.0801084, 615.51, 874.356, 336.91, 23.817, 49.5061, 56.1299, 0.168535, 0.0460832, 0.269257, 252.974, 69.1717, 404.159, 10.4962, 19.6958, 
42.0532, 0.660342, 0.677993, 0.190746, 473.312, 485.965, 136.72, 58.0847, 28.3865, 46.2746, 0.296818, 0.0149191, 0.314376, 303.828, 15.2714, 321.8, 
26.8731, 13.6321, 6.71405, 0.23336, 0.150461, 0.166829, 933.33, 601.772, 667.24, 52.0661, 59.7969, 59.2054, 0.114658, 0.289088, 0.227148, 313.314, 
789.959, 620.7, 20.7805, 23.7618, 55.8193, 0.157429, 0.130773, 0.0548858, 552.013, 458.546, 192.453, 5.10309, 0.807747, 4.02196, 0.264333, 0.229921, 
0.31011, 575.456, 500.541, 675.113, 25.964, 31.3489, 55.8226, 10.8051, 4.89273, 11.6235, 685.478, 310.397, 737.397, 12.168, 13.7632, 2.17638, 
0.305853, 0.250338, 0.297887, 879.063, 719.506, 856.168, 42.5491, 33.1377, 41.1846, 0.223333, 0.111442, 0.0191582, 578.531, 288.685, 49.6282, 7.66028, 
6.39195, 8.27944, 0.160466, 0.147808, 0.122134, 448.927, 410.501, 340.56, 26.4938, 27.6801, 5.91057, 0.485987, 0.0176252, 0.136469, 794.06, 28.7981, 
222.978, 8.02274, 41.6448, 36.1977, 0.64642, 0.350616, 0.00821132, 767.439, 416.257, 9.74861, 18.9012, 38.3696, 6.90063, 0.100684, 0.21242, 0.194474, 
386.972, 816.418, 747.445, 23.0315, 11.8356, 38.9883, -0.0483088, -0.909349, -2.70136, 112.677, -2260.71, -5422.32, 3.11528, 15.246, 20.5956, 0.0682078, 
0.0480697, 0.139038, 310.569, 214.306, 627.087, 37.2489, 40.4815, 34.3972, 0.00344808, 0.145213, 0.0671691, 16.8794, 710.862, 328.813, 3.6703, 32.0778, 
2.10462, 0.081934, 0.571633, 0.443686, 96.4919, 673.2, 522.519, 42.3024, 48.5174, 17.0351, 0.164236, 0.292751, 0.252585, 560.082, 998.344, 861.368, 
29.0107, 5.60466, 58.6346, 0.10297, 0.0234625, 0.161744, 283.683, 64.1616, 445.994, 36.179, 20.2252, 33.4104, 0.0397444, 0.235838, 0.209024, 106.203, 
630.194, 558.542, 5.67852, 12.3774, 19.6891, 0.126165, 0.263118, 0.178531, 447.066, 940.388, 637.056, 37.9016, 10.1503, 40.8556, 0.456575, 0.430323, 
0.254267, 976.107, 919.983, 543.596, 25.3666, 21.306, 28.691, 0.158232, 0.188291, 0.00257956, 657.954, 782.946, 10.7262, 25.5303, 53.8861, 45.2048, 
0.235701, 1.30326, 0.692307, 177.685, 982.468, 521.9, 52.363, 44.6164, 47.2228, 0.237339, 0.110232, 0.0529107, 749.683, 348.189, 167.129, 54.356, 
7.64458, 10.3392, 0.172275, 0.140488, 0.206283, 761.372, 620.889, 911.675, 45.3308, 15.2996, 34.3686, 0.0596589, 0.0104967, 0.0858761, 100.787, 17.733, 
145.078, 45.79, 55.4448, 54.42, 1.72123, 1.61615, 0.200054, 695.519, 653.057, 80.8383, 12.8801, 33.9133, 58.3887, 0.760532, 0.639848, 0.121097, 
956.89, 805.046, 152.362, 8.09009, 42.4383, 3.43872, 0.791978, 0.776296, 0.547418, 518.183, 507.922, 358.17, 41.1735, 15.8601, 5.64335, 0.0800395, 
0.193225, 0.140272, 337.595, 814.996, 591.648, 16.8304, 40.0775, 28.1019, 0.13084, 0.209789, 0.20556, 614.237, 984.871, 965.017, 51.8676, 5.18791, 
42.0728, 0.280303, 0.329962, 0.154443, 480.388, 565.494, 264.687, 55.1788, 15.9973, 48.4866, 0.899184, 0.222678, 0.295215, 879.734, 217.862, 288.83, 
19.1175, 18.2758, 28.488, 0.129715, 0.313978, 0.0351797, 308.716, 747.254, 83.726, 14.2293, 31.4101, 37.6256, 0.122332, 0.265476, 0.0628045, 410.367, 
890.549, 210.68, 37.0993, 35.9803, 56.4832, 0.0538404, 0.150384, 0.067274, 250.159, 698.731, 312.576, 34.1417, 52.2497, 37.3123, 0.175533, 0.220575, 
0.103476, 767.525, 964.47, 452.45, 36.3168, 4.75217, 10.3936, 0.101561, 0.130226, 0.14523, 435.701, 558.676, 623.045, -32.8194, -34.6034, 37.4361, 
-7.68236e+07, -1.98235e+08, 1.53784e+08, -6.27305e+09, -1.85194e+10, 1.43137e+10, 43.0282, -59.7179, -3.31781, 2.67552e+06, -7.94939e+07, -6.88123e+07, -5.00586e+09, -2.68651e+11, -2.16932e+11, 41.8658, 
34.121, 45.3775, 0.0991306, 0.269173, 0.229941, 177.132, 480.973, 410.871, 31.1322, -31.4488, -32.9673, 6.66156e+06, -1.91197e+08, -3.01545e+08, 7.67889e+09, -5.56925e+11, 
-7.93625e+11, 58.7508, 12.2059, 32.9152, 0.189705, 0.340526, 0.224988, 463.33, 831.694, 549.505, 59.1272, 53.7782, 10.767, 0.206947, 0.101835, 0.194673, 
959.575, 472.19, 902.662, 41.9555, 42.7328, 19.1212, 0.0899666, 0.129266, 0.242922, 294.924, 423.751, 796.334, 17.4757, 43.8676, 6.03221, 0.172035, 
0.0266747, 0.118069, 802.402, 124.416, 550.696, -4.78703, -7.19761, 21.4515, -7.59604e+07, -1.03966e+08, 1.67717e+08, -2.27108e+11, -3.04354e+11, 5.192e+11, 7.54401, 24.3911, 
23.016, 0.454287, 0.530361, 0.0213969, 820.013, 957.329, 38.6225, 59.3466, 46.551, 50.3491, 0.210744, 0.216028, 0.182484, 270.207, 276.982, 233.974, 
56.3133, 25.6375, 25.5076, 3.37945, 0.362436, 7.4908, 343.264, 36.814, 760.868, 19.0726, 1.60439, 9.54507, 0.0748793, 0.294242, 0.11818, 219.486, 
862.483, 346.408, 37.0574, 42.7778, 54.8452, 0.183606, 0.0397669, 0.0920769, 708.799, 153.518, 355.458, 0.894826, 38.6448, 16.5879, 0.166177, 0.078708, 
0.200177, 827.701, 392.032, 997.052, 37.252, 54.222, 17.1681, 0.0806442, 0.00336538, 0.225848, 276.913, 11.5559, 775.507, 36.5603, 28.7612, 47.9456, 
1.02357, 0.615532, 1.27413, 509.192, 306.207, 633.841, 21.2164, 57.6976, 22.8396, 0.0450696, 0.0473669, 0.424354, 58.9647, 61.9702, 555.184, 35.551, 
24.0176, -53.5758, 5.65361e+07, 7.73927e+07, -1.24836e+08, 2.27084e+11, 3.04372e+11, -5.19181e+11, 45.7869, 6.72919, 24.7782, 0.568897, 0.812502, 0.237564, 652.212, 931.492, 
272.355, 20.0898, 46.9477, 21.0934, 0.188632, 0.0794434, 0.0704494, 815.599, 343.494, 304.606, 4.89106, 52.946, 47.338, 0.129621, 0.0872797, 0.165483, 
573.158, 385.935, 731.736, 18.4859, 30.7321, 59.0811, 0.0432863, 0.106256, 0.152423, 201.154, 493.78, 708.319, 46.1307, 46.112, 35.2176, 1.23761, 
4.4127, 1.75042, 254.545, 907.579, 360.016, 54.4965, 48.1337, 37.3634, 0.0437505, 0.19717, 0.11473, 162.249, 731.207, 425.477, 30.5653, 57.478, 
26.9403, 0.563717, 0.305798, 0.684391, 795.385, 431.471, 965.653, 5.28118, 33.899, 59.0261, 0.916375, 1.1229, 0.660336, 787.464, 964.936, 567.443, 
35.3706, 36.1251, 56.1316, 0.367517, 0.470219, 0.109947, 598.633, 765.921, 179.088, 59.3087, 5.2413, 50.0282, 0.0130368, 0.28777, 0.191509, 44.6171, 
984.858, 655.417, 20.375, 12.4736, 2.18784, 1.34045, 1.34004, 0.0736743, 957.455, 957.162, 52.6241, 13.7812, 26.4092, 2.82465, 0.487009, 0.178447, 
0.0453452, 470.701, 172.472, 43.8268, -24.8882, 16.5001, 42.0631, -6.34642e+06, 1.84106e+08, 2.49463e+08, -2.67303e+09, 8.25576e+11, 1.01056e+12, 58.734, 31.2507, 44.2569, 
5555.73, -4801.67, -4894.93, 2.33045e+07, -1.79931e+07, -1.9735e+07, 2.13052, 20.2858, 24.3959, 2.24651, 2.21219, 2.64088, 476.679, 469.397, 560.357, 40.2711, 
6.0157, 22.7817, 0.122942, 0.0834765, 0.2015, 491.412, 333.664, 805.415, 24.5632, 16.2504, 4.54805, -1438.28, 2441.04, 3101.97, -67805.9, 123239, 
166719, -16.23, 6.46967, 3.42522, -36529, 72197.3, 3673.73, -1.58417e+08, 2.74226e+08, -4.15425e+06, 16.0103, 32.3798, 53.9857, 0.206474, 0.0655978, 0.10824, 
481.806, 153.072, 252.578, 13.9258, 22.8921, 20.344, 0.0409586, 0.268026, 0.0402888, 132.274, 865.579, 130.111, 5.97183, 57.9094, 4.88319, 0.0382402, 
0.0205061, 0.0297821, 160.522, 86.0792, 125.017, 29.3932, 46.6831, 49.184, 0.610019, 3.00419, 1.67574, 182.178, 897.178, 500.447, 28.1128, 39.9459, 
5.80965, 1.06925, 1.09996, 0.221856, 954.663, 982.08, 198.081, 1.69383, 24.1516, 42.8993, 0.682574, 2.16479, 3.4618, 182.245, 577.993, 924.289, 
56.1556, 19.1792, 11.5256, 7.89922, 9.92549, 10.1896, 760.993, 956.2, 981.646, 41.9815, 36.1684, 52.4413, 0.204592, 0.189781, 0.189785, 963.729, 
893.964, 893.982, 31.1914, 44.3822, 8.99633, 0.0904459, 0.0790125, 0.0144517, 384.607, 335.988, 61.4534, 53.4431, 19.7035, 55.1989, 0.109314, 0.131297, 
0.020431, 462.546, 555.565, 86.4512
