43.2776, 57.1347, 4.43521, 0.790242, 0.461923, 0.22745, 898.537, 525.225, 258.62, 20.3228, 19.9777, 51.1262, 4.15912, 3.36936, 3.32084, 684.509, 
554.531, 546.545, 43.9619, 39.7498, 52.4061, 0.0183893, 0.145654, 0.677384, 18.7903, 148.83, 692.154, 3.30881, -8.89685, 37.9358, 106178, -85361.6, 
25057.2, 4.2441e+08, -3.56228e+08, 1.06852e+08, 49.9967, 57.2313, 48.0337, 0.160529, 0.145651, 0.0801232, 774.093, 702.347, 386.365, 56.9197, 20.4901, 19.6837, 
0.152888, 0.187157, 0.209895, 643.039, 787.174, 882.808, 48.8508, 12.7006, 24.8384, 1.93635, 0.361754, 3.58228, 389.766, 72.8171, 721.074, 44.2527, 
16.5148, -43.8853, 1.47789e+06, 1.47842e+07, -5.24683e+06, 2.22732e+09, 2.70708e+10, -1.00034e+10, 25.3587, 39.3821, 55.3976, 1.5738, 1.37559, 0.993003, 691.277, 604.214, 
436.167, 39.1348, 15.739, 20.8205, 0.145463, 0.187202, 0.0303932, 541.007, 696.243, 113.038, 9.62213, 2.70728, 7.70352, 0.575837, 0.811562, 0.313969, 
750.479, 1063.08, 410.566, 38.7152, 11.0541, 20.2882, 0.112564, 0.0275431, 0.204369, 492.567, 120.526, 894.3, 25.2704, 53.1211, 55.6377, 0.146352, 
0.207899, 0.0801084, 615.51, 874.356, 336.91, 23.8271, 49.5089, 56.146, 0.168535, 0.0460832, 0.269257, 252.974, 69.1717, 404.159, 10.5358, 19.7365, 
42.0647, 0.660342, 0.677993, 0.190746, 473.312, 485.965, 136.72, 58.1025, 28.3874, 46.2935, 0.296818, 0.0149191, 0.314376, 303.828, 15.2714, 321.8, 
26.8871, 13.6411, 6.72406, 0.23336, 0.150461, 0.166829, 933.33, 601.772, 667.24, 52.073, 59.8143, 59.2191, 0.114658, 0.289088, 0.227148, 313.314, 
789.959, 620.7, 20.7899, 23.7696, 55.8226, 0.157429, 0.130773, 0.0548858, 552.013, 458.546, 192.453, 5.11895, 0.821542, 4.04057, 0.264333, 0.229921, 
0.31011, 575.456, 500.541, 675.113, 26.6123, 31.6425, 56.52, 10.8051, 4.89273, 11.6235, 685.478, 310.397, 737.397, 12.1864, 13.7782, 2.19426, 
0.305853, 0.250338, 0.297887, 879.063, 719.506, 856.168, 42.5625, 33.1444, 41.1858, 0.223333, 0.111442, 0.0191582, 578.531, 288.685, 49.6282, 7.67042, 
6.39982, 8.28661, 0.177697, 0.114806, 0.116899, 497.594, 317.347, 325.786, 26.5229, 27.6811, 5.91875, 0.485987, 0.0176252, 0.136469, 794.06, 28.7981, 
222.978, 8.06152, 41.6658, 36.1982, 0.64642, 0.350616, 0.00821132, 767.439, 416.257, 9.74861, 18.9072, 38.3824, 6.9123, 0.100684, 0.21242, 0.194474, 
386.972, 816.418, 747.445, 23.0457, 11.7498, 38.8451, 0.836421, -1.7228, -1.81594, 2123.41, -3920.77, -3738.61, 3.12011, 15.248, 20.6037, 0.0922955, 
0.0211873, 0.130535, 420.214, 91.9591, 588.385, 37.2491, 40.4902, 34.4012, 0.00344808, 0.145213, 0.0671691, 16.8794, 710.862, 328.813, 3.67521, 32.1121, 
2.13124, 0.081934, 0.571633, 0.443686, 96.4919, 673.2, 522.519, 42.3123, 48.535, 17.0503, 0.164236, 0.292751, 0.252585, 560.082, 998.344, 861.368, 
29.0172, 5.606, 58.6442, 0.111735, 0.0213824, 0.161987, 311.686, 56.282, 442.942, 36.1814, 20.2393, 33.4229, 0.0397444, 0.235838, 0.209024, 106.203, 
630.194, 558.542, 5.68515, 12.3943, 19.7001, 0.0956338, 0.297192, 0.189309, 337.421, 1062.74, 675.758, 37.929, 10.1761, 40.8709, 0.456575, 0.430323, 
0.254267, 976.107, 919.983, 543.596, 25.3761, 21.3173, 28.6912, 0.158232, 0.188291, 0.00257956, 657.954, 782.946, 10.7262, 25.5444, 53.9643, 45.2464, 
0.235701, 1.30326, 0.692307, 177.685, 982.468, 521.9, 52.3773, 44.623, 47.226, 0.237339, 0.110232, 0.0529107, 749.683, 348.189, 167.129, 54.3663, 
7.65301, 10.3516, 0.172275, 0.140488, 0.206283, 761.372, 620.889, 911.675, 45.3344, 15.3002, 34.3737, 0.0596589, 0.0104967, 0.0858761, 100.787, 17.733, 
145.078, 45.8933, 55.5418, 54.432, 1.72123, 1.61615, 0.200054, 695.519, 653.057, 80.8383, 12.9257, 33.9517, 58.396, 0.760532, 0.639848, 0.121097, 
956.89, 805.046, 152.362, 8.13761, 42.4849, 3.47157, 0.791978, 0.776296, 0.547418, 518.183, 507.922, 358.17, 41.1783, 15.8717, 5.65176, 0.0800395, 
0.193225, 0.140272, 337.595, 814.996, 591.648, 16.8382, 40.09, 28.1143, 0.13084, 0.209789, 0.20556, 614.237, 984.871, 965.017, 51.8845, 5.20771, 
42.082, 0.280303, 0.329962, 0.154443, 480.388, 565.494, 264.687, 55.2327, 16.0107, 48.5043, 0.899184, 0.222678, 0.295215, 879.734, 217.862, 288.83, 
19.1253, 18.2947, 28.4901, 0.129715, 0.313978, 0.0351797, 308.716, 747.254, 83.726, 14.2366, 31.4261, 37.6294, 0.122332, 0.265476, 0.0628045, 410.367, 
890.549, 210.68, 37.1026, 35.9893, 56.4873, 0.0538404, 0.150384, 0.067274, 250.159, 698.731, 312.576, 34.1523, 52.2629, 37.3185, 0.175533, 0.220575, 
0.103476, 767.525, 964.47, 452.45, 36.3228, 4.75998, 10.4023, 0.101561, 0.130226, 0.14523, 435.701, 558.676, 623.045, -26.6708, -31.2389, 9.43957, 
-3.04204e+07, -3.04311e+08, 1.07999e+08, -2.22732e+09, -2.70708e+10, 1.00034e+10, -15.8938, -21.3235, 0.868658, -6.87851e+07, -5.94585e+07, 1.33617e+07, -1.90308e+11, -2.1564e+11, 4.67597e+10, 41.8717, 
34.1371, 45.3913, 0.0991306, 0.269173, 0.229941, 177.132, 480.973, 410.871, -10.1974, -14.5401, -21.8847, -2.61299e+07, -2.20837e+08, -4.17306e+08, -1.02367e+11, -6.13381e+11, 
-1.15643e+12, 58.7622, 12.2264, 32.9287, 0.189705, 0.340526, 0.224988, 463.33, 831.694, 549.505, 59.1397, 53.7843, 10.7786, 0.206947, 0.101835, 0.194673, 
959.575, 472.19, 902.662, 41.9609, 42.7406, 19.1358, 0.0899666, 0.129266, 0.242922, 294.924, 423.751, 796.334, 17.4861, 43.8692, 6.03929, 0.172035, 
0.0266747, 0.118069, 802.402, 124.416, 550.696, -39.8249, -4.98352, 22.5539, -3.33292e+07, -1.6098e+08, 3.02292e+08, -7.55693e+10, -4.90939e+11, 9.44582e+11, 7.57127, 24.4229, 
23.0173, 0.454287, 0.530361, 0.0213969, 820.013, 957.329, 38.6225, 59.3592, 46.5639, 50.36, 0.210744, 0.216028, 0.182484, 270.207, 276.982, 233.974, 
56.5161, 25.6593, 25.9571, 3.37945, 0.362436, 7.4908, 343.264, 36.814, 760.868, 19.0771, 1.62204, 9.55216, 0.0748793, 0.294242, 0.11818, 219.486, 
862.483, 346.408, 37.0684, 42.7802, 54.8507, 0.183606, 0.0397669, 0.0920769, 708.799, 153.518, 355.458, 0.904796, 38.6495, 16.5999, 0.166177, 0.078708, 
0.200177, 827.701, 392.032, 997.052, 37.2569, 54.2222, 17.1816, 0.0806442, 0.00336538, 0.225848, 276.913, 11.5559, 775.507, 36.6217, 28.7981, 48.0221, 
1.02357, 0.615532, 1.27413, 509.192, 306.207, 633.841, 21.2191, 57.7004, 22.8651, 0.0450696, 0.0473669, 0.424354, 58.9647, 61.9702, 555.184, 30.802, 
54.1869, -27.1169, 2.47989e+07, 1.1983e+08, -2.2501e+08, 7.55281e+10, 4.90947e+11, -9.44573e+11, 45.821, 6.77794, 24.7925, 0.568897, 0.812502, 0.237564, 652.212, 931.492, 
272.355, 20.1012, 46.9524, 21.0976, 0.188632, 0.0794434, 0.0704494, 815.599, 343.494, 304.606, 4.89884, 52.9513, 47.348, 0.129621, 0.0872797, 0.165483, 
573.158, 385.935, 731.736, 18.4885, 30.7385, 59.0902, 0.0432863, 0.106256, 0.152423, 201.154, 493.78, 708.319, 46.2049, 46.3768, 35.3226, 1.23761, 
4.4127, 1.75042, 254.545, 907.579, 360.016, 54.4991, 48.1455, 37.3703, 0.0437505, 0.19717, 0.11473, 162.249, 731.207, 425.477, 30.5991, 57.4963, 
26.9814, 0.563717, 0.305798, 0.684391, 795.385, 431.471, 965.653, 5.33616, 33.9663, 59.0657, 0.916375, 1.1229, 0.660336, 787.464, 964.936, 567.443, 
35.3926, 36.1533, 56.1382, 0.367517, 0.470219, 0.109947, 598.633, 765.921, 179.088, 59.3095, 5.25857, 50.0397, 0.0130368, 0.28777, 0.191509, 44.6171, 
984.858, 655.417, 20.4555, 12.554, 2.19226, 1.34045, 1.34004, 0.0736743, 957.455, 957.162, 52.6241, 13.8105, 26.42, 2.82738, 0.487009, 0.178447, 
0.0453452, 470.701, 172.472, 43.8268, 24.3625, 30.3708, 54.4593, 6.70428e+07, 1.89249e+08, 2.6671e+08, 2.92674e+11, 8.29021e+11, 1.10967e+12, 14.6169, 37.6654, 33.0786, 
10059.5, -2957.19, -3167.11, 4.13841e+07, -8.3907e+06, -9.70753e+06, 2.26531, 20.4185, 24.5544, 2.24651, 2.21219, 2.64088, 476.679, 469.397, 560.357, 40.2784, 
6.0207, 22.7938, 0.122942, 0.0834765, 0.2015, 491.412, 333.664, 805.415, 50.9448, 29.5965, 34.7937, -3135.22, 1625.02, 4136.26, -172122, 79528.6, 
210553, -28.5093, 12.9083, -48.5643, -103949, 83570.4, -24531.1, -4.24409e+08, 3.56229e+08, -1.06851e+08, 16.0227, 32.3838, 53.9921, 0.206474, 0.0655978, 0.10824, 
481.806, 153.072, 252.578, 13.9283, 22.9082, 20.3464, 0.0409586, 0.268026, 0.0402888, 132.274, 865.579, 130.111, 5.97412, 57.9106, 4.88498, 0.0382402, 
0.0205061, 0.0297821, 160.522, 86.0792, 125.017, 29.4298, 46.8634, 49.2846, 0.610019, 3.00419, 1.67574, 182.178, 897.178, 500.447, 28.177, 40.0119, 
5.82297, 1.06925, 1.09996, 0.221856, 954.663, 982.08, 198.081, 1.73478, 24.2815, 43.107, 0.682574, 2.16479, 3.4618, 182.245, 577.993, 924.289, 
56.6296, 19.7747, 12.137, 7.89922, 9.92549, 10.1896, 760.993, 956.2, 981.646, 41.9938, 36.1798, 52.4527, 0.204592, 0.189781, 0.189785, 963.729, 
893.964, 893.982, 31.1968, 44.387, 8.9972, 0.0904459, 0.0790125, 0.0144517, 384.607, 335.988, 61.4534, 53.4497, 19.7114, 55.2002, 0.109314, 0.131297, 
0.020431, 462.546, 555.565, 86.4512
