43.325, 57.1624, 4.44886, 0.790242, 0.461923, 0.22745, 898.537, 525.225, 258.62, 20.5723, 20.1798, 51.3254, 4.15912, 3.36936, 3.32084, 684.509, 
554.531, 546.545, 43.963, 39.7585, 52.4467, 0.0183893, 0.145654, 0.677384, 18.7903, 148.83, 692.154, 6.21407, -27.2387, 48.4371, 149614, -37915.8, 
7390.32, 6.04673e+08, -1.49978e+08, 4.96468e+07, 50.0064, 57.24, 48.0385, 0.160529, 0.145651, 0.0801232, 774.093, 702.347, 386.365, 56.9289, 20.5013, 19.6963, 
0.152888, 0.187157, 0.209895, 643.039, 787.174, 882.808, 48.967, 12.7223, 25.0534, 1.93635, 0.361754, 3.58228, 389.766, 72.8171, 721.074, 44.7559, 
4.8254, -47.2407, 4.33981e+06, 1.21958e+07, -7.53145e+06, 7.954e+09, 2.26357e+10, -1.46315e+10, 25.4531, 39.4646, 55.4572, 1.5738, 1.37559, 0.993003, 691.277, 604.214, 
436.167, 39.1435, 15.7502, 20.8223, 0.145463, 0.187202, 0.0303932, 541.007, 696.243, 113.038, 9.65497, 2.75919, 7.72287, 0.519426, 0.917094, 0.330562, 
675.968, 1202.38, 432.464, 38.722, 11.0557, 20.3004, 0.112564, 0.0275431, 0.204369, 492.567, 120.526, 894.3, 25.2792, 53.1336, 55.6425, 0.146352, 
0.207899, 0.0801084, 615.51, 874.356, 336.91, 23.8372, 49.5116, 56.1622, 0.168535, 0.0460832, 0.269257, 252.974, 69.1717, 404.159, 10.5754, 19.7772, 
42.0761, 0.660342, 0.677993, 0.190746, 473.312, 485.965, 136.72, 58.1203, 28.3883, 46.3123, 0.296818, 0.0149191, 0.314376, 303.828, 15.2714, 321.8, 
26.9011, 13.6502, 6.73407, 0.23336, 0.150461, 0.166829, 933.33, 601.772, 667.24, 52.0798, 59.8316, 59.2327, 0.114658, 0.289088, 0.227148, 313.314, 
789.959, 620.7, 20.7994, 23.7775, 55.8259, 0.157429, 0.130773, 0.0548858, 552.013, 458.546, 192.453, 5.13481, 0.835337, 4.05917, 0.264333, 0.229921, 
0.31011, 575.456, 500.541, 675.113, 27.2606, 31.9361, 57.2174, 10.8051, 4.89273, 11.6235, 685.478, 310.397, 737.397, 12.2047, 13.7933, 2.21213, 
0.305853, 0.250338, 0.297887, 879.063, 719.506, 856.168, 42.5759, 33.1511, 41.1869, 0.223333, 0.111442, 0.0191582, 578.531, 288.685, 49.6282, 7.68189, 
6.4052, 8.29338, 0.204096, 0.065421, 0.109134, 572.106, 178.042, 303.889, 26.5521, 27.6822, 5.92694, 0.485987, 0.0176252, 0.136469, 794.06, 28.7981, 
222.978, 8.10031, 41.6869, 36.1987, 0.64642, 0.350616, 0.00821132, 767.439, 416.257, 9.74861, 18.9133, 38.3951, 6.92397, 0.100684, 0.21242, 0.194474, 
386.972, 816.418, 747.445, 23.1454, 11.6355, 38.7658, 1.47362, -2.24258, -2.36465, 3238.7, -4794.61, -5312.63, 3.12569, 15.2486, 20.6123, 0.09693, 
-0.0390043, 0.156026, 414.4, -185.773, 693.583, 37.2493, 40.4989, 34.4053, 0.00344808, 0.145213, 0.0671691, 16.8794, 710.862, 328.813, 3.68013, 32.1464, 
2.15787, 0.081934, 0.571633, 0.443686, 96.4919, 673.2, 522.519, 42.3221, 48.5526, 17.0655, 0.164236, 0.292751, 0.252585, 560.082, 998.344, 861.368, 
29.0239, 5.60711, 58.654, 0.11464, 0.0190889, 0.159806, 312.893, 51.555, 437.798, 36.1838, 20.2535, 33.4354, 0.0397444, 0.235838, 0.209024, 106.203, 
630.194, 558.542, 5.68962, 12.4135, 19.7119, 0.0544513, 0.342882, 0.203791, 189.433, 1226.89, 727.795, 37.9564, 10.2019, 40.8861, 0.456575, 0.430323, 
0.254267, 976.107, 919.983, 543.596, 25.3856, 21.3286, 28.6913, 0.158232, 0.188291, 0.00257956, 657.954, 782.946, 10.7262, 25.5586, 54.0425, 45.2879, 
0.235701, 1.30326, 0.692307, 177.685, 982.468, 521.9, 52.3915, 44.6296, 47.2292, 0.237339, 0.110232, 0.0529107, 749.683, 348.189, 167.129, 54.3766, 
7.66144, 10.3639, 0.172275, 0.140488, 0.206283, 761.372, 620.889, 911.675, 45.3379, 15.3008, 34.3789, 0.0596589, 0.0104967, 0.0858761, 100.787, 17.733, 
145.078, 45.9965, 55.6388, 54.444, 1.72123, 1.61615, 0.200054, 695.519, 653.057, 80.8383, 12.9714, 33.9901, 58.4033, 0.760532, 0.639848, 0.121097, 
956.89, 805.046, 152.362, 8.18513, 42.5315, 3.50441, 0.791978, 0.776296, 0.547418, 518.183, 507.922, 358.17, 41.1831, 15.8833, 5.66018, 0.0800395, 
0.193225, 0.140272, 337.595, 814.996, 591.648, 16.8461, 40.1026, 28.1266, 0.13084, 0.209789, 0.20556, 614.237, 984.871, 965.017, 51.9013, 5.22751, 
42.0913, 0.280303, 0.329962, 0.154443, 480.388, 565.494, 264.687, 55.2867, 16.0241, 48.522, 0.899184, 0.222678, 0.295215, 879.734, 217.862, 288.83, 
19.1331, 18.3135, 28.4922, 0.129715, 0.313978, 0.0351797, 308.716, 747.254, 83.726, 14.244, 31.442, 37.6332, 0.122332, 0.265476, 0.0628045, 410.367, 
890.549, 210.68, 37.1058, 35.9983, 56.4913, 0.0538404, 0.150384, 0.067274, 250.159, 698.731, 312.576, 34.1628, 52.2762, 37.3247, 0.175533, 0.220575, 
0.103476, 767.525, 964.47, 452.45, 36.3289, 4.7678, 10.411, 0.101561, 0.130226, 0.14523, 435.701, 558.676, 623.045, -14.9538, -26.1698, 31.7599, 
-8.9329e+07, -2.51033e+08, 1.55024e+08, -7.954e+09, -2.26357e+10, 1.46315e+10, -10.709, -36.8855, -41.1316, -6.95556e+07, -7.16246e+07, -6.86398e+07, -2.40619e+11, -2.18359e+11, -2.09376e+11, 41.8777, 
34.1533, 45.4051, 0.0991306, 0.269173, 0.229941, 177.132, 480.973, 410.871, -28.6857, -42.818, -14.4167, -1.25433e+07, -2.02276e+08, -4.75467e+08, 5.19926e+09, -5.34148e+11, 
-1.32327e+12, 58.7736, 12.2468, 32.9422, 0.189705, 0.340526, 0.224988, 463.33, 831.694, 549.505, 59.1521, 53.7904, 10.7903, 0.206947, 0.101835, 0.194673, 
959.575, 472.19, 902.662, 41.9663, 42.7483, 19.1504, 0.0899666, 0.129266, 0.242922, 294.924, 423.751, 796.334, 17.4964, 43.8708, 6.04638, 0.172035, 
0.0266747, 0.118069, 802.402, 124.416, 550.696, -37.1615, -36.0714, 37.2427, -5.16278e+07, -1.42605e+08, 2.923e+08, -1.82796e+11, -4.32619e+11, 8.76132e+11, 7.59853, 24.4547, 
23.0186, 0.454287, 0.530361, 0.0213969, 820.013, 957.329, 38.6225, 59.3719, 46.5769, 50.371, 0.210744, 0.216028, 0.182484, 270.207, 276.982, 233.974, 
56.7189, 25.681, 26.4065, 3.37945, 0.362436, 7.4908, 343.264, 36.814, 760.868, 19.0816, 1.63969, 9.55925, 0.0748793, 0.294242, 0.11818, 219.486, 
862.483, 346.408, 37.0795, 42.7826, 54.8562, 0.183606, 0.0397669, 0.0920769, 708.799, 153.518, 355.458, 0.914767, 38.6543, 16.6119, 0.166177, 0.078708, 
0.200177, 827.701, 392.032, 997.052, 37.2617, 54.2224, 17.1952, 0.0806442, 0.00336538, 0.225848, 276.913, 11.5559, 775.507, 36.6831, 28.8351, 48.0985, 
1.02357, 0.615532, 1.27413, 509.192, 306.207, 633.841, 21.2218, 57.7033, 22.8905, 0.0450696, 0.0473669, 0.424354, 58.9647, 61.9702, 555.184, 23.7556, 
30.2047, -8.82725, 3.84161e+07, 1.06157e+08, -2.17578e+08, 1.82742e+11, 4.32657e+11, -8.76143e+11, 45.8551, 6.82669, 24.8067, 0.568897, 0.812502, 0.237564, 652.212, 931.492, 
272.355, 20.1125, 46.9572, 21.1018, 0.188632, 0.0794434, 0.0704494, 815.599, 343.494, 304.606, 4.90661, 52.9565, 47.3579, 0.129621, 0.0872797, 0.165483, 
573.158, 385.935, 731.736, 18.4911, 30.7449, 59.0993, 0.0432863, 0.106256, 0.152423, 201.154, 493.78, 708.319, 46.2792, 46.6415, 35.4276, 1.23761, 
4.4127, 1.75042, 254.545, 907.579, 360.016, 54.5018, 48.1573, 37.3772, 0.0437505, 0.19717, 0.11473, 162.249, 731.207, 425.477, 30.6329, 57.5147, 
27.0224, 0.563717, 0.305798, 0.684391, 795.385, 431.471, 965.653, 5.39115, 34.0337, 59.1053, 0.916375, 1.1229, 0.660336, 787.464, 964.936, 567.443, 
35.4147, 36.1815, 56.1448, 0.367517, 0.470219, 0.109947, 598.633, 765.921, 179.088, 59.3103, 5.27583, 50.0512, 0.0130368, 0.28777, 0.191509, 44.6171, 
984.858, 655.417, 20.5359, 12.6344, 2.19668, 1.34045, 1.34004, 0.0736743, 957.455, 957.162, 52.6241, 13.8397, 26.4307, 2.8301, 0.487009, 0.178447, 
0.0453452, 470.701, 172.472, 43.8268, 41.8736, 43.393, 10.5838, 5.86019e+07, 1.85753e+08, 3.64522e+08, 2.3542e+11, 7.52507e+11, 1.53264e+12, 14.3217, 18.3593, 28.4903, 
13477.3, -8453.45, 2570.57, 5.41387e+07, -3.83549e+07, 1.06996e+07, 2.4001, 20.5512, 24.7128, 2.24651, 2.21219, 2.64088, 476.679, 469.397, 560.357, 40.2858, 
6.02571, 22.8059, 0.122942, 0.0834765, 0.2015, 491.412, 333.664, 805.415, 36.8433, 18.571, 24.0357, -4423.21, 1793.09, 2586.75, -244083, 96932.7, 
140175, -41.3626, 19.0852, 12.6208, -146474, 37120.3, -7234.98, -6.04672e+08, 1.49979e+08, -4.96458e+07, 16.0351, 32.3877, 53.9986, 0.206474, 0.0655978, 0.10824, 
481.806, 153.072, 252.578, 13.9307, 22.9243, 20.3488, 0.0409586, 0.268026, 0.0402888, 132.274, 865.579, 130.111, 5.97642, 57.9118, 4.88677, 0.0382402, 
0.0205061, 0.0297821, 160.522, 86.0792, 125.017, 29.4664, 47.0436, 49.3851, 0.610019, 3.00419, 1.67574, 182.178, 897.178, 500.447, 28.2411, 40.0779, 
5.83628, 1.06925, 1.09996, 0.221856, 954.663, 982.08, 198.081, 1.77574, 24.4114, 43.3147, 0.682574, 2.16479, 3.4618, 182.245, 577.993, 924.289, 
57.1035, 20.3702, 12.7484, 7.89922, 9.92549, 10.1896, 760.993, 956.2, 981.646, 42.0061, 36.1911, 52.464, 0.204592, 0.189781, 0.189785, 963.729, 
893.964, 893.982, 31.2022, 44.3917, 8.99807, 0.0904459, 0.0790125, 0.0144517, 384.607, 335.988, 61.4534, 53.4562, 19.7192, 55.2014, 0.109314, 0.131297, 
0.020431, 462.546, 555.565, 86.4512
