43.3725, 57.1901, 4.46251, 0.790242, 0.461923, 0.22745, 898.537, 525.225, 258.62, 20.8219, 20.382, 51.5247, 4.15912, 3.36936, 3.32084, 684.509, 
554.531, 546.545, 43.9641, 39.7673, 52.4873, 0.0183893, 0.145654, 0.677384, 18.7903, 148.83, 692.154, 41.3495, -5.60979, 56.3352, 191280, -28085.2, 
27919.3, 7.86224e+08, -1.33714e+08, 9.0642e+07, 50.016, 57.2488, 48.0433, 0.160529, 0.145651, 0.0801232, 774.093, 702.347, 386.365, 56.938, 20.5126, 19.7089, 
0.152888, 0.187157, 0.209895, 643.039, 787.174, 882.808, 49.0832, 12.744, 25.2683, 1.93635, 0.361754, 3.58228, 389.766, 72.8171, 721.074, 25.562, 
50.372, -5.7541, 5.36941e+06, 1.02722e+07, -5.50162e+06, 9.85787e+09, 1.90646e+10, -1.04689e+10, 25.5476, 39.5471, 55.5168, 1.5738, 1.37559, 0.993003, 691.277, 604.214, 
436.167, 39.1523, 15.7614, 20.8241, 0.145463, 0.187202, 0.0303932, 541.007, 696.243, 113.038, 9.68356, 2.81894, 7.74344, 0.434414, 1.07242, 0.354758, 
563.684, 1407.41, 464.394, 38.7287, 11.0574, 20.3127, 0.112564, 0.0275431, 0.204369, 492.567, 120.526, 894.3, 25.2879, 53.1461, 55.6474, 0.146352, 
0.207899, 0.0801084, 615.51, 874.356, 336.91, 23.8473, 49.5144, 56.1784, 0.168535, 0.0460832, 0.269257, 252.974, 69.1717, 404.159, 10.615, 19.8179, 
42.0876, 0.660342, 0.677993, 0.190746, 473.312, 485.965, 136.72, 58.1381, 28.3892, 46.3312, 0.296818, 0.0149191, 0.314376, 303.828, 15.2714, 321.8, 
26.9151, 13.6592, 6.74408, 0.23336, 0.150461, 0.166829, 933.33, 601.772, 667.24, 52.0867, 59.849, 59.2463, 0.114658, 0.289088, 0.227148, 313.314, 
789.959, 620.7, 20.8088, 23.7853, 55.8292, 0.157429, 0.130773, 0.0548858, 552.013, 458.546, 192.453, 5.15067, 0.849132, 4.07778, 0.264333, 0.229921, 
0.31011, 575.456, 500.541, 675.113, 27.9089, 32.2296, 57.9148, 10.8051, 4.89273, 11.6235, 685.478, 310.397, 737.397, 12.2231, 13.8083, 2.23, 
0.305853, 0.250338, 0.297887, 879.063, 719.506, 856.168, 42.5893, 33.1578, 41.1881, 0.223333, 0.111442, 0.0191582, 578.531, 288.685, 49.6282, 7.69534, 
6.40692, 8.29959, 0.243878, -0.00726581, 0.0978112, 684.39, -26.9839, 271.958, 26.5813, 27.6833, 5.93513, 0.485987, 0.0176252, 0.136469, 794.06, 28.7981, 
222.978, 8.13909, 41.7079, 36.1992, 0.64642, 0.350616, 0.00821132, 767.439, 416.257, 9.74861, 18.9193, 38.4079, 6.93564, 0.100684, 0.21242, 0.194474, 
386.972, 816.418, 747.445, 23.2562, 11.452, 38.5613, 2.11502, -3.26353, -3.66736, 4690.65, -7418.41, -7915.51, 3.13108, 15.2465, 20.6224, 0.097937, 
-0.0480546, 0.199089, 500.49, -283.364, 867.366, 37.2495, 40.5076, 34.4093, 0.00344808, 0.145213, 0.0671691, 16.8794, 710.862, 328.813, 3.68504, 32.1807, 
2.18449, 0.081934, 0.571633, 0.443686, 96.4919, 673.2, 522.519, 42.332, 48.5701, 17.0806, 0.164236, 0.292751, 0.252585, 560.082, 998.344, 861.368, 
29.0306, 5.60793, 58.6637, 0.107978, 0.0137033, 0.1636, 297.708, 40.1631, 449.512, 36.1862, 20.2676, 33.448, 0.0397444, 0.235838, 0.209024, 106.203, 
630.194, 558.542, 5.69115, 12.436, 19.7248, -0.00224883, 0.405366, 0.223683, -14.4336, 1451.51, 799.313, 37.9838, 10.2277, 40.9014, 0.456575, 0.430323, 
0.254267, 976.107, 919.983, 543.596, 25.3951, 21.3399, 28.6915, 0.158232, 0.188291, 0.00257956, 657.954, 782.946, 10.7262, 25.5812, 54.1541, 45.3341, 
1.08864, 3.33108, 0.921318, 1036.03, 2609.42, 730.334, 52.4058, 44.6362, 47.2323, 0.237339, 0.110232, 0.0529107, 749.683, 348.189, 167.129, 54.387, 
7.66987, 10.3763, 0.172275, 0.140488, 0.206283, 761.372, 620.889, 911.675, 45.3415, 15.3015, 34.384, 0.0596589, 0.0104967, 0.0858761, 100.787, 17.733, 
145.078, 46.0998, 55.7357, 54.456, 1.72123, 1.61615, 0.200054, 695.519, 653.057, 80.8383, 13.017, 34.0285, 58.4105, 0.760532, 0.639848, 0.121097, 
956.89, 805.046, 152.362, 8.23265, 42.5781, 3.53726, 0.791978, 0.776296, 0.547418, 518.183, 507.922, 358.17, 41.1879, 15.8949, 5.6686, 0.0800395, 
0.193225, 0.140272, 337.595, 814.996, 591.648, 16.8539, 40.1152, 28.1389, 0.13084, 0.209789, 0.20556, 614.237, 984.871, 965.017, 51.9181, 5.24731, 
42.1006, 0.280303, 0.329962, 0.154443, 480.388, 565.494, 264.687, 55.3406, 16.0374, 48.5398, 0.899184, 0.222678, 0.295215, 879.734, 217.862, 288.83, 
19.1409, 18.3323, 28.4944, 0.129715, 0.313978, 0.0351797, 308.716, 747.254, 83.726, 14.2513, 31.4579, 37.6369, 0.122332, 0.265476, 0.0628045, 410.367, 
890.549, 210.68, 37.109, 36.0074, 56.4953, 0.0538404, 0.150384, 0.067274, 250.159, 698.731, 312.576, 34.1733, 52.2894, 37.3309, 0.175533, 0.220575, 
0.103476, 767.525, 964.47, 452.45, 36.335, 4.77561, 10.4197, 0.101561, 0.130226, 0.14523, 435.701, 558.676, 623.045, -15.1916, -59.7575, 46.9416, 
-1.10522e+08, -2.1144e+08, 1.13243e+08, -9.85787e+09, -1.90646e+10, 1.04689e+10, -54.6187, -55.7786, -39.3731, -2.32619e+07, 2.30062e+06, -1.3912e+08, -4.32754e+10, -2.80646e+10, -4.14438e+11, 41.8836, 
34.1694, 45.4189, 0.0991306, 0.269173, 0.229941, 177.132, 480.973, 410.871, 19.1301, -55.9275, -59.8527, 1.00152e+08, -1.03555e+07, -5.03618e+08, 2.68891e+11, -8.45033e+09, 
-1.34423e+12, 58.785, 12.2672, 32.9557, 0.189705, 0.340526, 0.224988, 463.33, 831.694, 549.505, 59.1645, 53.7965, 10.802, 0.206947, 0.101835, 0.194673, 
959.575, 472.19, 902.662, 41.9717, 42.7561, 19.1649, 0.0899666, 0.129266, 0.242922, 294.924, 423.751, 796.334, 17.5067, 43.8724, 6.05346, 0.172035, 
0.0266747, 0.118069, 802.402, 124.416, 550.696, -37.6842, -7.14425, 10.3116, -3.26386e+07, -1.72766e+08, 3.04293e+08, -7.03997e+10, -5.02182e+11, 9.41999e+11, 7.62579, 24.4865, 
23.0199, 0.454287, 0.530361, 0.0213969, 820.013, 957.329, 38.6225, 59.3845, 46.5899, 50.3819, 0.210744, 0.216028, 0.182484, 270.207, 276.982, 233.974, 
56.9216, 25.7028, 26.856, 3.37945, 0.362436, 7.4908, 343.264, 36.814, 760.868, 19.0861, 1.65735, 9.56635, 0.0748793, 0.294242, 0.11818, 219.486, 
862.483, 346.408, 37.0905, 42.785, 54.8617, 0.183606, 0.0397669, 0.0920769, 708.799, 153.518, 355.458, 0.924738, 38.659, 16.624, 0.166177, 0.078708, 
0.200177, 827.701, 392.032, 997.052, 37.2666, 54.2226, 17.2087, 0.0806442, 0.00336538, 0.225848, 276.913, 11.5559, 775.507, 36.7445, 28.872, 48.175, 
1.02357, 0.615532, 1.27413, 509.192, 306.207, 633.841, 21.2245, 57.7061, 22.916, 0.0450696, 0.0473669, 0.424354, 58.9647, 61.9702, 555.184, 40.9673, 
22.6208, -31.2951, 2.42713e+07, 1.28604e+08, -2.26502e+08, 7.0304e+10, 5.02202e+11, -9.42004e+11, 45.8893, 6.87544, 24.821, 0.568897, 0.812502, 0.237564, 652.212, 931.492, 
272.355, 20.1238, 46.962, 21.1061, 0.188632, 0.0794434, 0.0704494, 815.599, 343.494, 304.606, 4.91439, 52.9617, 47.3678, 0.129621, 0.0872797, 0.165483, 
573.158, 385.935, 731.736, 18.4937, 30.7513, 59.1085, 0.0432863, 0.106256, 0.152423, 201.154, 493.78, 708.319, 46.3534, 46.9063, 35.5327, 1.23761, 
4.4127, 1.75042, 254.545, 907.579, 360.016, 54.5044, 48.1692, 37.384, 0.0437505, 0.19717, 0.11473, 162.249, 731.207, 425.477, 30.6667, 57.533, 
27.0635, 0.563717, 0.305798, 0.684391, 795.385, 431.471, 965.653, 5.44613, 34.1011, 59.1449, 0.916375, 1.1229, 0.660336, 787.464, 964.936, 567.443, 
35.4367, 36.2097, 56.1514, 0.367517, 0.470219, 0.109947, 598.633, 765.921, 179.088, 59.3111, 5.2931, 50.0627, 0.0130368, 0.28777, 0.191509, 44.6171, 
984.858, 655.417, 20.6163, 12.7148, 2.2011, 1.34045, 1.34004, 0.0736743, 957.455, 957.162, 52.6241, 13.8689, 26.4414, 2.83282, 0.487009, 0.178447, 
0.0453452, 470.701, 172.472, 43.8268, -12.6203, 52.0219, 43.4798, -4.95079e+07, 5.19464e+06, 4.34129e+08, -2.25615e+11, 3.6515e+10, 1.75867e+12, 57.5747, 49.3785, 50.0697, 
23731.2, -4738.97, 118.223, 9.59176e+07, -1.98112e+07, 4.09697e+06, 2.53489, 20.684, 24.8713, 2.24651, 2.21219, 2.64088, 476.679, 469.397, 560.357, 40.2932, 
6.03072, 22.818, 0.122942, 0.0834765, 0.2015, 491.412, 333.664, 805.415, 18.0019, 57.4845, 24.4701, -3060.56, 3142.63, 5820.53, -154822, 172328, 
311951, -8.01167, 32.7977, -58.5392, -187265, 27496, -27333.1, -7.86222e+08, 1.33715e+08, -9.0641e+07, 16.0475, 32.3917, 54.0051, 0.206474, 0.0655978, 0.10824, 
481.806, 153.072, 252.578, 13.9332, 22.9404, 20.3512, 0.0409586, 0.268026, 0.0402888, 132.274, 865.579, 130.111, 5.97871, 57.9131, 4.88856, 0.0382402, 
0.0205061, 0.0297821, 160.522, 86.0792, 125.017, 29.503, 47.2239, 49.4857, 0.610019, 3.00419, 1.67574, 182.178, 897.178, 500.447, 28.3053, 40.1439, 
5.84959, 1.06925, 1.09996, 0.221856, 954.663, 982.08, 198.081, 1.81669, 24.5413, 43.5224, 0.682574, 2.16479, 3.4618, 182.245, 577.993, 924.289, 
57.5775, 20.9658, 13.3597, 7.89922, 9.92549, 10.1896, 760.993, 956.2, 981.646, 42.0184, 36.2025, 52.4754, 0.204592, 0.189781, 0.189785, 963.729, 
893.964, 893.982, 31.2077, 44.3964, 8.99894, 0.0904459, 0.0790125, 0.0144517, 384.607, 335.988, 61.4534, 53.4628, 19.7271, 55.2026, 0.109314, 0.131297, 
0.020431, 462.546, 555.565, 86.4512
