43.0406, 56.9961, 4.36698, 0.790242, 0.461923, 0.22745, 898.537, 525.225, 258.62, 19.075, 18.9668, 50.1299, 4.15912, 3.36936, 3.32084, 684.509, 
554.531, 546.545, 43.9564, 39.7061, 52.2028, 0.0183893, 0.145654, 0.677384, 18.7903, 148.83, 692.154, 36.5715, -19.5103, 11.9959, 26182, -42995.7, 
-868.435, 1.34026e+08, -1.82894e+08, -4.67832e+06, 49.9486, 57.1876, 48.0096, 0.160529, 0.145651, 0.0801232, 774.093, 702.347, 386.365, 56.8738, 20.434, 19.6208, 
0.152888, 0.187157, 0.209895, 643.039, 787.174, 882.808, 48.2699, 12.5921, 23.7637, 1.93635, 0.361754, 3.58228, 389.766, 72.8171, 721.074, 37.7542, 
47.8848, 41.2815, 0.742894, 0.468428, -0.702839, 1515.63, 907.075, -1503.34, 24.8866, 38.9694, 55.0997, 1.5738, 1.37559, 0.993003, 691.277, 604.214, 
436.167, 39.0912, 15.6828, 20.8113, 0.145463, 0.187202, 0.0303932, 541.007, 696.243, 113.038, 9.4319, 2.49778, 7.61475, 0.658178, 0.65017, 0.288147, 
859.603, 849.306, 376.371, 38.6814, 11.0458, 20.2268, 0.112564, 0.0275431, 0.204369, 492.567, 120.526, 894.3, 25.2265, 53.0588, 55.6137, 0.146352, 
0.207899, 0.0801084, 615.51, 874.356, 336.91, 23.7766, 49.4951, 56.0653, 0.168535, 0.0460832, 0.269257, 252.974, 69.1717, 404.159, 10.3377, 19.5331, 
42.0074, 0.660342, 0.677993, 0.190746, 473.312, 485.965, 136.72, 58.0134, 28.3829, 46.1992, 0.296818, 0.0149191, 0.314376, 303.828, 15.2714, 321.8, 
26.8171, 13.596, 6.67401, 0.23336, 0.150461, 0.166829, 933.33, 601.772, 667.24, 52.0386, 59.7276, 59.1509, 0.114658, 0.289088, 0.227148, 313.314, 
789.959, 620.7, 20.7427, 23.7304, 55.8061, 0.157429, 0.130773, 0.0548858, 552.013, 458.546, 192.453, 5.03965, 0.752565, 3.94754, 0.264333, 0.229921, 
0.31011, 575.456, 500.541, 675.113, 23.3708, 30.1747, 53.033, 10.8051, 4.89273, 11.6235, 685.478, 310.397, 737.397, 12.0946, 13.7031, 2.10489, 
0.305853, 0.250338, 0.297887, 879.063, 719.506, 856.168, 42.4955, 33.111, 41.18, 0.223333, 0.111442, 0.0191582, 578.531, 288.685, 49.6282, 7.62529, 
6.34948, 8.249, 0.139165, 0.190331, 0.128983, 388.47, 531.118, 359.981, 26.3771, 27.6759, 5.87781, 0.485987, 0.0176252, 0.136469, 794.06, 28.7981, 
222.978, 7.8676, 41.5606, 36.1957, 0.64642, 0.350616, 0.00821132, 767.439, 416.257, 9.74861, 18.877, 38.3187, 6.85396, 0.100684, 0.21242, 0.194474, 
386.972, 816.418, 747.445, 22.9947, 11.9124, 39.0859, 0.344884, 0.0868784, 0.452255, 740.27, 186.478, 970.732, 3.10575, 15.2267, 20.5598, 0.021472, 
0.100857, 0.155671, 97.4768, 454.957, 702.919, 37.248, 40.4466, 34.3811, 0.00344808, 0.145213, 0.0671691, 16.8794, 710.862, 328.813, 3.65063, 31.9406, 
1.99814, 0.081934, 0.571633, 0.443686, 96.4919, 673.2, 522.519, 42.263, 48.4472, 16.9745, 0.164236, 0.292751, 0.252585, 560.082, 998.344, 861.368, 
28.986, 5.59899, 58.5958, 0.102956, 0.0236324, 0.161579, 283.603, 65.098, 445.087, 36.1695, 20.1686, 33.3602, 0.0397444, 0.235838, 0.209024, 106.203, 
630.194, 558.542, 5.63957, 12.3241, 19.6493, 0.185403, 0.196211, 0.157449, 660.158, 699.738, 561.224, 37.7921, 10.047, 40.7946, 0.456575, 0.430323, 
0.254267, 976.107, 919.983, 543.596, 25.3286, 21.2608, 28.6904, 0.158232, 0.188291, 0.00257956, 657.954, 782.946, 10.7262, 25.4737, 53.5733, 45.0387, 
0.235701, 1.30326, 0.692307, 177.685, 982.468, 521.9, 52.3061, 44.5899, 47.2101, 0.237339, 0.110232, 0.0529107, 749.683, 348.189, 167.129, 54.3146, 
7.61087, 10.2897, 0.172275, 0.140488, 0.206283, 761.372, 620.889, 911.675, 45.3165, 15.297, 34.3479, 0.0596589, 0.0104967, 0.0858761, 100.787, 17.733, 
145.078, 45.3769, 55.0569, 54.372, 1.72123, 1.61615, 0.200054, 695.519, 653.057, 80.8383, 12.6976, 33.7597, 58.3597, 0.760532, 0.639848, 0.121097, 
956.89, 805.046, 152.362, 7.90002, 42.252, 3.30734, 0.791978, 0.776296, 0.547418, 518.183, 507.922, 358.17, 41.1543, 15.8138, 5.60968, 0.0800395, 
0.193225, 0.140272, 337.595, 814.996, 591.648, 16.799, 40.0271, 28.0526, 0.13084, 0.209789, 0.20556, 614.237, 984.871, 965.017, 51.8004, 5.10872, 
42.0357, 0.280303, 0.329962, 0.154443, 480.388, 565.494, 264.687, 54.963, 15.9439, 48.4158, 0.899184, 0.222678, 0.295215, 879.734, 217.862, 288.83, 
19.0864, 18.2005, 28.4796, 0.129715, 0.313978, 0.0351797, 308.716, 747.254, 83.726, 14.1999, 31.3464, 37.6105, 0.122332, 0.265476, 0.0628045, 410.367, 
890.549, 210.68, 37.0864, 35.9442, 56.4671, 0.0538404, 0.150384, 0.067274, 250.159, 698.731, 312.576, 34.0996, 52.1968, 37.2874, 0.175533, 0.220575, 
0.103476, 767.525, 964.47, 452.45, 36.2924, 4.72092, 10.3587, 0.101561, 0.130226, 0.14523, 435.701, 558.676, 623.045, 40.3054, 48.6955, 37.7131, 
-8.80096, 5.48984, 19.2317, -936.346, 443.457, 1928.6, 33.5669, 6.73773, 16.0616, 0.250323, 0.304904, 0.0732201, 741.599, 903.298, 216.919, 41.842, 
34.0564, 45.3223, 0.0991306, 0.269173, 0.229941, 177.132, 480.973, 410.871, -25.7858, 56.9764, -30.4582, -7.33747e+06, 3.28582e+07, -7.8869e+07, -8.91903e+09, 7.47081e+10, 
-1.67829e+11, 58.7053, 12.1242, 32.8612, 0.189705, 0.340526, 0.224988, 463.33, 831.694, 549.505, 59.0776, 53.7537, 10.7202, 0.206947, 0.101835, 0.194673, 
959.575, 472.19, 902.662, 41.9339, 42.7018, 19.0629, 0.0899666, 0.129266, 0.242922, 294.924, 423.751, 796.334, 17.4344, 43.8612, 6.00387, 0.172035, 
0.0266747, 0.118069, 802.402, 124.416, 550.696, -25.0257, 55.4296, -0.682358, -282658, 356541, -425628, -1.72577e+09, 2.17686e+09, -2.59867e+09, 7.43499, 24.2638, 
23.0109, 0.454287, 0.530361, 0.0213969, 820.013, 957.329, 38.6225, 59.296, 46.4991, 50.3053, 0.210744, 0.216028, 0.182484, 270.207, 276.982, 233.974, 
55.5022, 25.5505, 23.7098, 3.37945, 0.362436, 7.4908, 343.264, 36.814, 760.868, 19.0546, 1.53377, 9.51671, 0.0748793, 0.294242, 0.11818, 219.486, 
862.483, 346.408, 37.0134, 42.7683, 54.8231, 0.183606, 0.0397669, 0.0920769, 708.799, 153.518, 355.458, 0.854943, 38.6259, 16.5399, 0.166177, 0.078708, 
0.200177, 827.701, 392.032, 997.052, 37.2327, 54.2212, 17.1139, 0.0806442, 0.00336538, 0.225848, 276.913, 11.5559, 775.507, 36.3146, 28.6135, 47.6398, 
1.02357, 0.615532, 1.27413, 509.192, 306.207, 633.841, 21.2055, 57.6862, 22.7378, 0.0450696, 0.0473669, 0.424354, 58.9647, 61.9702, 555.184, 23.3223, 
-27.4503, 23.1802, 210399, -265393, 316819, 1.72577e+09, -2.17686e+09, 2.59867e+09, 45.6503, 6.53419, 24.7212, 0.568897, 0.812502, 0.237564, 652.212, 931.492, 
272.355, 20.0446, 46.9286, 21.0765, 0.188632, 0.0794434, 0.0704494, 815.599, 343.494, 304.606, 4.85995, 52.9251, 47.2983, 0.129621, 0.0872797, 0.165483, 
573.158, 385.935, 731.736, 18.4755, 30.7066, 59.0445, 0.0432863, 0.106256, 0.152423, 201.154, 493.78, 708.319, 45.8336, 45.053, 34.7975, 1.23761, 
4.4127, 1.75042, 254.545, 907.579, 360.016, 54.486, 48.0864, 37.3358, 0.0437505, 0.19717, 0.11473, 162.249, 731.207, 425.477, 30.43, 57.4046, 
26.7761, 0.563717, 0.305798, 0.684391, 795.385, 431.471, 965.653, 5.06125, 33.6295, 58.8676, 0.916375, 1.1229, 0.660336, 787.464, 964.936, 567.443, 
35.2824, 36.0122, 56.1053, 0.367517, 0.470219, 0.109947, 598.633, 765.921, 179.088, 59.3056, 5.17224, 49.9823, 0.0130368, 0.28777, 0.191509, 44.6171, 
984.858, 655.417, 20.0533, 12.152, 2.17016, 1.34045, 1.34004, 0.0736743, 957.455, 957.162, 52.6241, 13.6644, 26.3664, 2.81377, 0.487009, 0.178447, 
0.0453452, 470.701, 172.472, 43.8268, 29.3631, -20.5249, 30.1523, 4.85942e+06, -2.17611e+07, 5.22329e+07, 8.91904e+09, -7.47081e+10, 1.67829e+11, 15.1059, 1.54115, 1.28531, 
0.154312, 0.104218, 0.0487872, 626.738, 423.28, 198.149, 1.59136, 19.7549, 23.7621, 2.24651, 2.21219, 2.64088, 476.679, 469.397, 560.357, 40.2416, 
5.99566, 22.7333, 0.122942, 0.0834765, 0.2015, 491.412, 333.664, 805.415, 59.1549, 40.9128, 25.4385, 11.5452, 6.93759, 9.87897, 612.53, 368.073, 
524.127, 12.7498, 51.9287, 16.6784, -25632.2, 42093.6, 850.45, -1.34025e+08, 1.82895e+08, 4.67931e+06, 15.9608, 32.3641, 53.9597, 0.206474, 0.0655978, 0.10824, 
481.806, 153.072, 252.578, 13.916, 22.8278, 20.3343, 0.0409586, 0.268026, 0.0402888, 132.274, 865.579, 130.111, 5.96265, 57.9044, 4.87605, 0.0382402, 
0.0205061, 0.0297821, 160.522, 86.0792, 125.017, 29.2468, 45.9621, 48.7818, 0.610019, 3.00419, 1.67574, 182.178, 897.178, 500.447, 27.8562, 39.6819, 
5.75641, 1.06925, 1.09996, 0.221856, 954.663, 982.08, 198.081, 1.53001, 23.6321, 42.0685, 0.682574, 2.16479, 3.4618, 182.245, 577.993, 924.289, 
54.2598, 16.7971, 9.0801, 7.89922, 9.92549, 10.1896, 760.993, 956.2, 981.646, 41.9324, 36.1228, 52.3957, 0.204592, 0.189781, 0.189785, 963.729, 
893.964, 893.982, 31.1697, 44.3633, 8.99287, 0.0904459, 0.0790125, 0.0144517, 384.607, 335.988, 61.4534, 53.4169, 19.672, 55.194, 0.109314, 0.131297, 
0.020431, 462.546, 555.565, 86.4512
