43.4673, 57.2455, 4.4898, 0.790242, 0.461923, 0.22745, 898.537, 525.225, 258.62, 21.321, 20.7858, 51.9225, 4.16349, 3.33749, 3.27965, 685.311, 
548.772, 539.1, 43.9662, 39.8109, 52.5798, 0.629459, 0.591519, 0.924221, 698.931, 646.262, 918.894, 12.0865, -45.6405, 54.1333, 96734.8, -126326, 
12008.4, 4.21472e+08, -5.15987e+08, 2.37884e+07, 50.0353, 57.2662, 48.0529, 0.160529, 0.145651, 0.0801232, 774.093, 702.347, 386.365, 56.9564, 20.535, 19.7341, 
0.152888, 0.187157, 0.209895, 643.039, 787.174, 882.808, 49.3156, 12.7874, 25.6982, 1.93635, 0.361754, 3.58228, 389.766, 72.8171, 721.074, 37.8177, 
17.0743, -43.8884, 2.83119e+06, 1.59969e+07, -6.26905e+06, 5.53756e+09, 3.02083e+10, -1.06425e+10, 25.7364, 39.7122, 55.6359, 1.5738, 1.37559, 0.993003, 691.277, 604.214, 
436.167, 39.1697, 15.7839, 20.8278, 0.145463, 0.187202, 0.0303932, 541.007, 696.243, 113.038, 9.71807, 2.97888, 7.79082, 0.106246, 1.64935, 0.443221, 
129.616, 2169.99, 581.291, 38.7422, 11.0607, 20.3372, 0.112564, 0.0275431, 0.204369, 492.567, 120.526, 894.3, 25.3055, 53.171, 55.657, 0.146352, 
0.207899, 0.0801084, 615.51, 874.356, 336.91, 23.8676, 49.5199, 56.2107, 0.168535, 0.0460832, 0.269257, 252.974, 69.1717, 404.159, 10.6943, 19.8992, 
42.1104, 0.660342, 0.677993, 0.190746, 473.312, 485.965, 136.72, 58.1737, 28.391, 46.3689, 0.296818, 0.0149191, 0.314376, 303.828, 15.2714, 321.8, 
26.9431, 13.6773, 6.7641, 0.23336, 0.150461, 0.166829, 933.33, 601.772, 667.24, 52.1005, 59.8837, 59.2736, 0.114658, 0.289088, 0.227148, 313.314, 
789.959, 620.7, 20.8277, 23.8011, 55.8358, 0.157224, 0.132269, 0.0568191, 551.212, 464.305, 199.898, 5.18239, 0.876723, 4.11499, 0.264333, 0.229921, 
0.31011, 575.456, 500.541, 675.113, 29.2055, 32.8168, 59.3097, 10.8051, 4.89273, 11.6235, 685.478, 310.397, 737.397, 12.2598, 13.8383, 2.26575, 
0.305853, 0.250338, 0.297887, 879.063, 719.506, 856.168, 42.6161, 33.1711, 41.1904, 0.223333, 0.111442, 0.0191582, 578.531, 288.685, 49.6282, 7.73285, 
6.39142, 8.30907, 0.397448, -0.277245, 0.056414, 1118.46, -789.562, 155.062, 26.6396, 27.6854, 5.95151, 0.485987, 0.0176252, 0.136469, 794.06, 28.7981, 
222.978, 8.21666, 41.75, 36.2002, 0.64642, 0.350616, 0.00821132, 767.439, 416.257, 9.74861, 18.9314, 38.4334, 6.95897, 0.100684, 0.21242, 0.194474, 
386.972, 816.418, 747.445, 23.6187, 11.0068, 38.1464, 3.58874, -3.78163, -2.27168, 7614.32, -8149.67, -5136.75, 3.15759, 15.2291, 20.6379, 0.369533, 
-0.208312, 0.0706484, 1664, -1015.68, 372.896, 37.2499, 40.525, 34.4173, 0.00344808, 0.145213, 0.0671691, 16.8794, 710.862, 328.813, 3.69488, 32.2493, 
2.23773, 0.081934, 0.571633, 0.443686, 96.4919, 673.2, 522.519, 42.3517, 48.6053, 17.1109, 0.164236, 0.292751, 0.252585, 560.082, 998.344, 861.368, 
29.0442, 5.60977, 58.683, 0.11809, 0.0163625, 0.164242, 321.826, 47.52, 453.908, 36.191, 20.2959, 33.4731, 0.0397444, 0.235838, 0.209024, 106.203, 
630.194, 558.542, 5.68013, 12.4964, 19.7554, -0.198189, 0.618862, 0.29237, -720.141, 2220.31, 1046.69, 38.0386, 10.2794, 40.9319, 0.456575, 0.430323, 
0.254267, 976.107, 919.983, 543.596, 25.414, 21.3625, 28.6918, 0.158232, 0.188291, 0.00257956, 657.954, 782.946, 10.7262, 25.2745, 54.4439, 45.3246, 
-3.21617, 2.37021, -0.291634, -2517.92, 1729.81, -475.715, 52.4342, 44.6494, 47.2387, 0.237197, 0.110021, 0.0528748, 748.784, 346.854, 166.902, 54.4076, 
7.68673, 10.4011, 0.172275, 0.140488, 0.206283, 761.372, 620.889, 911.675, 45.3487, 15.3027, 34.3943, 0.0596589, 0.0104967, 0.0858761, 100.787, 17.733, 
145.078, 46.3064, 55.9297, 54.48, 1.72123, 1.61615, 0.200054, 695.519, 653.057, 80.8383, 13.1083, 34.1052, 58.4251, 0.760532, 0.639848, 0.121097, 
956.89, 805.046, 152.362, 8.32769, 42.6712, 3.60295, 0.791978, 0.776296, 0.547418, 518.183, 507.922, 358.17, 41.1975, 15.9181, 5.68543, 0.0800395, 
0.193225, 0.140272, 337.595, 814.996, 591.648, 16.8696, 40.1404, 28.1636, 0.13084, 0.209789, 0.20556, 614.237, 984.871, 965.017, 51.9517, 5.2869, 
42.1191, 0.280303, 0.329962, 0.154443, 480.388, 565.494, 264.687, 55.4485, 16.0641, 48.5752, 0.899184, 0.222678, 0.295215, 879.734, 217.862, 288.83, 
19.1565, 18.37, 28.4986, 0.129715, 0.313978, 0.0351797, 308.716, 747.254, 83.726, 14.266, 31.4898, 37.6445, 0.122332, 0.265476, 0.0628045, 410.367, 
890.549, 210.68, 37.1155, 36.0254, 56.5034, 0.0538404, 0.150384, 0.067274, 250.159, 698.731, 312.576, 34.1944, 52.3159, 37.3433, 0.175533, 0.220575, 
0.103476, 767.525, 964.47, 452.45, 36.3472, 4.79124, 10.4372, 0.101561, 0.130226, 0.14523, 435.701, 558.676, 623.045, -12.9165, -22.7808, 58.6039, 
-5.8276e+07, -3.29273e+08, 1.2904e+08, -5.53756e+09, -3.02083e+10, 1.06425e+10, 44.3357, -46.7841, -54.4717, 7.64713e+07, -6.71783e+07, -1.03979e+08, 2.03933e+11, -2.06978e+11, -3.41402e+11, 41.8955, 
34.2017, 45.4465, 0.0991306, 0.269173, 0.229941, 177.132, 480.973, 410.871, 16.8279, -7.28792, -47.8124, 1.7068e+08, -4.67158e+07, -3.8268e+08, 4.21986e+11, -9.44731e+10, 
-1.01582e+12, 58.8078, 12.3081, 32.9827, 0.189705, 0.340526, 0.224988, 463.33, 831.694, 549.505, 59.1893, 53.8087, 10.8254, 0.206947, 0.101835, 0.194673, 
959.575, 472.19, 902.662, 41.9825, 42.7716, 19.1941, 0.0899666, 0.129266, 0.242922, 294.924, 423.751, 796.334, 17.5273, 43.8756, 6.06763, 0.172035, 
0.0266747, 0.118069, 802.402, 124.416, 550.696, -46.8956, -30.2989, 47.4088, -1.09488e+08, -1.37259e+08, 2.24354e+08, -3.52376e+11, -4.47934e+11, 6.77169e+11, 7.6803, 24.5502, 
23.0224, 0.454287, 0.530361, 0.0213969, 820.013, 957.329, 38.6225, 59.4098, 46.6158, 50.4038, 0.210744, 0.216028, 0.182484, 270.207, 276.982, 233.974, 
57.3272, 25.7463, 27.7549, 3.37945, 0.362436, 7.4908, 343.264, 36.814, 760.868, 19.0951, 1.69266, 9.58053, 0.0748793, 0.294242, 0.11818, 219.486, 
862.483, 346.408, 37.1125, 42.7898, 54.8728, 0.183606, 0.0397669, 0.0920769, 708.799, 153.518, 355.458, 0.944679, 38.6684, 16.648, 0.166177, 0.078708, 
0.200177, 827.701, 392.032, 997.052, 37.0614, 54.2704, 17.2388, -4.91965, 0.241438, 1.50008, -19004.9, -1139.59, 5825.9, 36.8673, 28.9459, 48.3279, 
1.02357, 0.615532, 1.27413, 509.192, 306.207, 633.841, 21.2299, 57.7118, 22.9669, 0.0450696, 0.0473669, 0.424354, 58.9647, 61.9702, 555.184, 30.4678, 
34.2305, -10.9864, 8.14845e+07, 1.02181e+08, -1.67009e+08, 3.52318e+11, 4.47987e+11, -6.77209e+11, 45.9575, 6.97294, 24.8495, 0.568897, 0.812502, 0.237564, 652.212, 931.492, 
272.355, 20.1464, 46.9715, 21.1145, 0.188632, 0.0794434, 0.0704494, 815.599, 343.494, 304.606, 4.92994, 52.9722, 47.3877, 0.129621, 0.0872797, 0.165483, 
573.158, 385.935, 731.736, 18.4989, 30.764, 59.1268, 0.0432863, 0.106256, 0.152423, 201.154, 493.78, 708.319, 46.5019, 47.4358, 35.7427, 1.23761, 
4.4127, 1.75042, 254.545, 907.579, 360.016, 54.5096, 48.1928, 37.3978, 0.0437505, 0.19717, 0.11473, 162.249, 731.207, 425.477, 30.7344, 57.5697, 
27.1456, 0.563717, 0.305798, 0.684391, 795.385, 431.471, 965.653, 5.55609, 34.2358, 59.2242, 0.916375, 1.1229, 0.660336, 787.464, 964.936, 567.443, 
35.4808, 36.2662, 56.1646, 0.367517, 0.470219, 0.109947, 598.633, 765.921, 179.088, 59.3126, 5.32763, 50.0857, 0.0130368, 0.28777, 0.191509, 44.6171, 
984.858, 655.417, 20.7772, 12.8757, 2.20994, 1.34045, 1.34004, 0.0736743, 957.455, 957.162, 52.6241, 13.9273, 26.4628, 2.83826, 0.487009, 0.178447, 
0.0453452, 470.701, 172.472, 43.8268, -25.029, 27.3183, 7.95589, -1.68333e+08, 7.95145e+07, 3.28625e+08, -6.25919e+11, 3.01451e+11, 1.35722e+12, 58.5109, 11.6378, 49.9462, 
14074.7, -12160.6, 9865.99, 5.76405e+07, -5.24569e+07, 4.00478e+07, 2.80447, 20.9494, 25.1882, 2.24651, 2.21219, 2.64088, 476.679, 469.397, 560.357, 40.3079, 
6.04074, 22.8422, 0.122942, 0.0834765, 0.2015, 491.412, 333.664, 805.415, 51.6161, 52.3578, 4.16982, -1035.68, 1604.05, 5584.23, -43323, 75823.6, 
283404, -9.29285, 41.6406, 32.7525, -94700.2, 123675, -11757.2, -4.21452e+08, 5.15989e+08, -2.37924e+07, 16.0723, 32.3995, 54.0181, 0.206474, 0.0655978, 0.10824, 
481.806, 153.072, 252.578, 13.9381, 22.9725, 20.3561, 0.0409586, 0.268026, 0.0402888, 132.274, 865.579, 130.111, 5.9833, 57.9155, 4.89213, 0.0382402, 
0.0205061, 0.0297821, 160.522, 86.0792, 125.017, 29.5762, 47.5844, 49.6867, 0.610019, 3.00419, 1.67574, 182.178, 897.178, 500.447, 28.4336, 40.2759, 
5.87621, 1.06925, 1.09996, 0.221856, 954.663, 982.08, 198.081, 1.8986, 24.8011, 43.9379, 0.682574, 2.16479, 3.4618, 182.245, 577.993, 924.289, 
58.5254, 22.1568, 14.5825, 7.89922, 9.92549, 10.1896, 760.993, 956.2, 981.646, 42.0429, 36.2253, 52.4982, 0.204592, 0.189781, 0.189785, 963.729, 
893.964, 893.982, 31.2185, 44.4059, 9.00067, 0.0904459, 0.0790125, 0.0144517, 384.607, 335.988, 61.4534, 53.4759, 19.7429, 55.2051, 0.109314, 0.131297, 
0.020431, 462.546, 555.565, 86.4512
