43.5147, 57.2732, 4.50345, 0.790242, 0.461923, 0.22745, 898.537, 525.225, 258.62, 21.5717, 20.9813, 52.1132, 4.19833, 3.17305, 3.06459, 691.262, 
521.044, 502.821, 43.9922, 39.8383, 52.6613, 0.389974, -0.34889, 1.61005, 370.355, -330.819, 1509.97, 2.45299, -33.9029, 39.1842, 39014.4, -91078.1, 
7341.2, 1.57565e+08, -3.89414e+08, 6.67244e+06, 50.0449, 57.275, 48.0577, 0.160529, 0.145651, 0.0801232, 774.093, 702.347, 386.365, 56.9656, 20.5463, 19.7467, 
0.152888, 0.187157, 0.209895, 643.039, 787.174, 882.808, 49.4317, 12.8091, 25.9131, 1.93635, 0.361754, 3.58228, 389.766, 72.8171, 721.074, 44.7722, 
19.694, -17.7882, 1.10899e+06, 1.47387e+07, -5.0811e+06, 2.5357e+09, 2.63241e+10, -9.82054e+09, 25.8308, 39.7947, 55.6955, 1.5738, 1.37559, 0.993003, 691.277, 604.214, 
436.167, 39.1784, 15.7951, 20.8296, 0.145463, 0.187202, 0.0303932, 541.007, 696.243, 113.038, 9.71469, 3.09447, 7.81993, -0.220852, 2.2047, 0.527104, 
-304.484, 2906.47, 692.497, 38.749, 11.0623, 20.3495, 0.112564, 0.0275431, 0.204369, 492.567, 120.526, 894.3, 25.3143, 53.1835, 55.6618, 0.146352, 
0.207899, 0.0801084, 615.51, 874.356, 336.91, 23.8777, 49.5227, 56.2268, 0.168535, 0.0460832, 0.269257, 252.974, 69.1717, 404.159, 10.7339, 19.9399, 
42.1219, 0.660342, 0.677993, 0.190746, 473.312, 485.965, 136.72, 58.1915, 28.3919, 46.3878, 0.296818, 0.0149191, 0.314376, 303.828, 15.2714, 321.8, 
26.9571, 13.6863, 6.77411, 0.23336, 0.150461, 0.166829, 933.33, 601.772, 667.24, 52.1074, 59.901, 59.2872, 0.114658, 0.289088, 0.227148, 313.314, 
789.959, 620.7, 20.8371, 23.8092, 55.8395, 0.155589, 0.139988, 0.0669135, 545.261, 492.033, 236.177, 5.19825, 0.890518, 4.1336, 0.264333, 0.229921, 
0.31011, 575.456, 500.541, 675.113, 29.8538, 33.1103, 60.0071, 10.8051, 4.89273, 11.6235, 685.478, 310.397, 737.397, 12.2782, 13.8533, 2.28362, 
0.305853, 0.250338, 0.297887, 879.063, 719.506, 856.168, 42.6295, 33.1778, 41.1915, 0.223333, 0.111442, 0.0191582, 578.531, 288.685, 49.6282, 7.76126, 
6.367, 8.31128, 0.550517, -0.537128, 0.01716, 1552.56, -1526.05, 43.8556, 26.6687, 27.6864, 5.9597, 0.485987, 0.0176252, 0.136469, 794.06, 28.7981, 
222.978, 8.25545, 41.771, 36.2007, 0.64642, 0.350616, 0.00821132, 767.439, 416.257, 9.74861, 18.9374, 38.4461, 6.97064, 0.100684, 0.21242, 0.194474, 
386.972, 816.418, 747.445, 23.8713, 10.7745, 38.0192, 5.2135, -4.58498, -1.86993, 11226.3, -9890.01, -4423.02, 3.17856, 15.2093, 20.6412, 0.406181, 
-0.291936, 0.00676532, 1803.57, -1278.69, 36.758, 37.2501, 40.5338, 34.4214, 0.00344808, 0.145213, 0.0671691, 16.8794, 710.862, 328.813, 3.69979, 32.2836, 
2.26435, 0.081934, 0.571633, 0.443686, 96.4919, 673.2, 522.519, 42.3615, 48.6228, 17.1261, 0.164236, 0.292751, 0.252585, 560.082, 998.344, 861.368, 
29.0507, 5.61051, 58.6927, 0.108678, 0.00521713, 0.160792, 298.056, 17.2307, 439.039, 36.1933, 20.3101, 33.4856, 0.0397444, 0.235838, 0.209024, 106.203, 
630.194, 558.542, 5.66287, 12.5393, 19.7748, -0.376174, 0.810911, 0.354555, -1362.71, 2913.5, 1271.17, 38.066, 10.3052, 40.9472, 0.456575, 0.430323, 
0.254267, 976.107, 919.983, 543.596, 25.4235, 21.3738, 28.6919, 0.158232, 0.188291, 0.00257956, 657.954, 782.946, 10.7262, 25.0543, 54.5319, 45.2052, 
-3.78356, 1.72527, -3.56539, -2941.99, 1500.89, -2815.23, 52.449, 44.6562, 47.2422, 0.247115, 0.127506, 0.0620468, 783.554, 402.746, 200.363, 54.418, 
7.69516, 10.4134, 0.172275, 0.140488, 0.206283, 761.372, 620.889, 911.675, 45.3522, 15.3033, 34.3995, 0.0596589, 0.0104967, 0.0858761, 100.787, 17.733, 
145.078, 46.4096, 56.0266, 54.492, 1.72123, 1.61615, 0.200054, 695.519, 653.057, 80.8383, 13.1539, 34.1436, 58.4323, 0.760532, 0.639848, 0.121097, 
956.89, 805.046, 152.362, 8.37521, 42.7178, 3.63579, 0.791978, 0.776296, 0.547418, 518.183, 507.922, 358.17, 41.2023, 15.9297, 5.69385, 0.0800395, 
0.193225, 0.140272, 337.595, 814.996, 591.648, 16.8775, 40.153, 28.1759, 0.13084, 0.209789, 0.20556, 614.237, 984.871, 965.017, 51.9685, 5.3067, 
42.1284, 0.280303, 0.329962, 0.154443, 480.388, 565.494, 264.687, 55.5025, 16.0775, 48.5929, 0.899184, 0.222678, 0.295215, 879.734, 217.862, 288.83, 
19.1642, 18.3888, 28.5007, 0.129715, 0.313978, 0.0351797, 308.716, 747.254, 83.726, 14.2733, 31.5057, 37.6482, 0.122332, 0.265476, 0.0628045, 410.367, 
890.549, 210.68, 37.1187, 36.0344, 56.5075, 0.0538404, 0.150384, 0.067274, 250.159, 698.731, 312.576, 34.2049, 52.3291, 37.3495, 0.175533, 0.220575, 
0.103476, 767.525, 964.47, 452.45, 36.3533, 4.79905, 10.4459, 0.101561, 0.130226, 0.14523, 435.701, 558.676, 623.045, -12.6317, -14.2055, 44.3172, 
-2.28269e+07, -3.03376e+08, 1.04587e+08, -2.5357e+09, -2.63241e+10, 9.82054e+09, 47.1092, -26.7018, -43.7817, 9.2468e+07, -7.81716e+07, -1.42858e+08, 3.01e+11, -2.28464e+11, -4.07676e+11, 41.9015, 
34.2179, 45.4603, 0.0991306, 0.269173, 0.229941, 177.132, 480.973, 410.871, 38.8494, -46.2185, -35.7723, 2.76716e+08, -7.44398e+07, -2.92395e+08, 7.46667e+11, -1.68185e+11, 
-8.04546e+11, 58.8191, 12.3285, 32.9962, 0.189705, 0.340526, 0.224988, 463.33, 831.694, 549.505, 59.2017, 53.8148, 10.837, 0.206947, 0.101835, 0.194673, 
959.575, 472.19, 902.662, 41.9879, 42.7794, 19.2087, 0.0899666, 0.129266, 0.242922, 294.924, 423.751, 796.334, 17.5377, 43.8772, 6.07471, 0.172035, 
0.0266747, 0.118069, 802.402, 124.416, 550.696, -32.0882, -42.3221, 31.5851, -2.35808e+07, -1.94162e+08, 2.2829e+08, -9.81678e+10, -6.23954e+11, 6.64502e+11, 7.70756, 24.582, 
23.0237, 0.454287, 0.530361, 0.0213969, 820.013, 957.329, 38.6225, 59.4224, 46.6287, 50.4148, 0.210744, 0.216028, 0.182484, 270.207, 276.982, 233.974, 
57.5299, 25.768, 28.2043, 3.37945, 0.362436, 7.4908, 343.264, 36.814, 760.868, 19.0996, 1.71031, 9.58762, 0.0748793, 0.294242, 0.11818, 219.486, 
862.483, 346.408, 37.1235, 42.7922, 54.8783, 0.183606, 0.0397669, 0.0920769, 708.799, 153.518, 355.458, 0.954649, 38.6731, 16.66, 0.166177, 0.078708, 
0.200177, 827.701, 392.032, 997.052, 36.6833, 54.4983, 17.1067, -4.91841, 1.75117, -3.33047, -14082.9, 6930.87, -10883.7, 36.9287, 28.9828, 48.4043, 
1.02357, 0.615532, 1.27413, 509.192, 306.207, 633.841, 21.2326, 57.7146, 22.9924, 0.0450696, 0.0473669, 0.424354, 58.9647, 61.9702, 555.184, 6.29019, 
6.86446, -34.8995, 1.75476e+07, 1.44536e+08, -1.69953e+08, 9.81508e+10, 6.23994e+11, -6.64604e+11, 45.9917, 7.02169, 24.8637, 0.568897, 0.812502, 0.237564, 652.212, 931.492, 
272.355, 20.1578, 46.9763, 21.1187, 0.188632, 0.0794434, 0.0704494, 815.599, 343.494, 304.606, 4.93772, 52.9774, 47.3976, 0.129621, 0.0872797, 0.165483, 
573.158, 385.935, 731.736, 18.5015, 30.7704, 59.1359, 0.0432863, 0.106256, 0.152423, 201.154, 493.78, 708.319, 46.5762, 47.7006, 35.8477, 1.23761, 
4.4127, 1.75042, 254.545, 907.579, 360.016, 54.5123, 48.2047, 37.4047, 0.0437505, 0.19717, 0.11473, 162.249, 731.207, 425.477, 30.7682, 57.588, 
27.1867, 0.563717, 0.305798, 0.684391, 795.385, 431.471, 965.653, 5.61108, 34.3032, 59.2638, 0.916375, 1.1229, 0.660336, 787.464, 964.936, 567.443, 
35.5029, 36.2944, 56.1712, 0.367517, 0.470219, 0.109947, 598.633, 765.921, 179.088, 59.3134, 5.3449, 50.0972, 0.0130368, 0.28777, 0.191509, 44.6171, 
984.858, 655.417, 20.8576, 12.9561, 2.21436, 1.34045, 1.34004, 0.0736743, 957.455, 957.162, 52.6241, 13.9566, 26.4735, 2.84098, 0.487009, 0.178447, 
0.0453452, 470.701, 172.472, 43.8268, -53.718, 35.3262, 51.8417, -2.50124e+08, 1.05825e+08, 2.96945e+08, -1.04767e+12, 3.96649e+11, 1.21222e+12, 30.5176, 44.0943, 46.7965, 
4998.33, -10092.2, 24547, 1.71106e+07, -3.9781e+07, 1.01636e+08, 2.93926, 21.0822, 25.3466, 2.24651, 2.21219, 2.64088, 476.679, 469.397, 560.357, 40.3153, 
6.04575, 22.8542, 0.122942, 0.0834765, 0.2015, 491.412, 333.664, 805.415, 31.5258, 49.2678, 43.568, -2429.36, 1590.58, 5433.79, -121472, 73869.7, 
297267, -49.0946, 17.7385, 46.2618, -38191.2, 89165.5, -7183.94, -1.57549e+08, 3.89408e+08, -6.65978e+06, 16.0846, 32.4035, 54.0246, 0.206474, 0.0655978, 0.10824, 
481.806, 153.072, 252.578, 13.9406, 22.9886, 20.3585, 0.0409586, 0.268026, 0.0402888, 132.274, 865.579, 130.111, 5.98559, 57.9168, 4.89392, 0.0382402, 
0.0205061, 0.0297821, 160.522, 86.0792, 125.017, 29.6128, 47.7646, 49.7873, 0.610019, 3.00419, 1.67574, 182.178, 897.178, 500.447, 28.4978, 40.3419, 
5.88952, 1.06925, 1.09996, 0.221856, 954.663, 982.08, 198.081, 1.93955, 24.931, 44.1456, 0.682574, 2.16479, 3.4618, 182.245, 577.993, 924.289, 
58.9994, 22.7524, 15.1939, 7.89922, 9.92549, 10.1896, 760.993, 956.2, 981.646, 42.0552, 36.2367, 52.5096, 0.204592, 0.189781, 0.189785, 963.729, 
893.964, 893.982, 31.2239, 44.4107, 9.00154, 0.0904459, 0.0790125, 0.0144517, 384.607, 335.988, 61.4534, 53.4825, 19.7507, 55.2063, 0.109314, 0.131297, 
0.020431, 462.546, 555.565, 86.4512
