43.5621, 57.3009, 4.5171, 0.790242, 0.461923, 0.22745, 898.537, 525.225, 258.62, 21.8266, 21.1618, 52.2839, 4.30259, 2.83885, 2.62061, 708.849, 
465.217, 428.62, 43.9988, 39.8247, 52.7385, 0.537645, -0.284484, 1.366, 593.353, -263.945, 1523.35, 29.6468, -17.417, 55.7223, 61677.4, -179177, 
-10286.7, 2.55681e+08, -7.39338e+08, -2.37997e+07, 50.0545, 57.2837, 48.0625, 0.160529, 0.145651, 0.0801232, 774.093, 702.347, 386.365, 56.9747, 20.5575, 19.7593, 
0.152888, 0.187157, 0.209895, 643.039, 787.174, 882.808, 49.5479, 12.8308, 26.1281, 1.93635, 0.361754, 3.58228, 389.766, 72.8171, 721.074, 2.10608, 
43.7915, -38.4713, 6.53628e+06, 1.54006e+07, -3.68365e+06, 1.15712e+10, 2.77969e+10, -6.73525e+09, 25.9253, 39.8773, 55.7551, 1.5738, 1.37559, 0.993003, 691.277, 604.214, 
436.167, 39.1872, 15.8064, 20.8314, 0.145463, 0.187202, 0.0303932, 541.007, 696.243, 113.038, 9.68396, 3.25578, 7.85589, -0.819103, 3.19342, 0.674639, 
-1103.43, 4225.77, 889.284, 38.7557, 11.064, 20.3617, 0.112564, 0.0275431, 0.204369, 492.567, 120.526, 894.3, 25.3231, 53.196, 55.6666, 0.146352, 
0.207899, 0.0801084, 615.51, 874.356, 336.91, 23.8878, 49.5255, 56.243, 0.168535, 0.0460832, 0.269257, 252.974, 69.1717, 404.159, 10.7735, 19.9806, 
42.1333, 0.660342, 0.677993, 0.190746, 473.312, 485.965, 136.72, 58.2093, 28.3928, 46.4066, 0.296818, 0.0149191, 0.314376, 303.828, 15.2714, 321.8, 
26.9711, 13.6953, 6.78412, 0.23336, 0.150461, 0.166829, 933.33, 601.772, 667.24, 52.1142, 59.9184, 59.3008, 0.114658, 0.289088, 0.227148, 313.314, 
789.959, 620.7, 20.8463, 23.8181, 55.8441, 0.150695, 0.155674, 0.0877526, 527.674, 547.86, 310.378, 5.21411, 0.904314, 4.15221, 0.264333, 0.229921, 
0.31011, 575.456, 500.541, 675.113, 30.5021, 33.4039, 0.604474, 10.8051, 4.89273, 11.6235, 685.478, 310.397, 737.397, 12.2965, 13.8684, 2.3015, 
0.305853, 0.250338, 0.297887, 879.063, 719.506, 856.168, 42.6429, 33.1845, 41.1927, 0.223333, 0.111442, 0.0191582, 578.531, 288.685, 49.6282, 7.80247, 
6.32119, 8.31028, 0.830475, -0.999813, -0.0518808, 2351.5, -2845.35, -152.932, 26.6979, 27.6875, 5.96788, 0.485987, 0.0176252, 0.136469, 794.06, 28.7981, 
222.978, 8.29423, 41.7921, 36.2012, 0.64642, 0.350616, 0.00821132, 767.439, 416.257, 9.74861, 18.9435, 38.4589, 6.98231, 0.100684, 0.21242, 0.194474, 
386.972, 816.418, 747.445, 24.1687, 10.5138, 37.8868, 5.24392, -3.85802, -2.55817, 11542.8, -8286.34, -5744.18, 3.21239, 15.1828, 20.6399, 0.681856, 
-0.519701, -0.0857846, 3094.22, -2324.02, -409.204, 37.2503, 40.5425, 34.4254, 0.00344808, 0.145213, 0.0671691, 16.8794, 710.862, 328.813, 3.70471, 32.3179, 
2.29097, 0.081934, 0.571633, 0.443686, 96.4919, 673.2, 522.519, 42.3714, 48.6404, 17.1412, 0.164236, 0.292751, 0.252585, 560.082, 998.344, 861.368, 
29.0573, 5.61097, 58.7024, 0.107435, 0.0082334, 0.16013, 292.777, 25.5139, 438.626, 36.1957, 20.3242, 33.4982, 0.0397444, 0.235838, 0.209024, 106.203, 
630.194, 558.542, 5.63164, 12.5973, 19.7991, -0.666082, 1.1216, 0.455491, -2411.86, 4037.67, 1636.42, 38.0934, 10.331, 40.9624, 0.456575, 0.430323, 
0.254267, 976.107, 919.983, 543.596, 25.433, 21.3851, 28.6921, 0.158232, 0.188291, 0.00257956, 657.954, 782.946, 10.7262, 25.0085, 54.7539, 44.8933, 
0.466537, 4.21737, -6.52437, 474.545, 3021.84, -5129.11, 52.464, 44.6638, 47.2459, 0.24363, 0.131662, 0.0585512, 769.585, 415.832, 178.514, 54.4283, 
7.70359, 10.4258, 0.172275, 0.140488, 0.206283, 761.372, 620.889, 911.675, 45.3558, 15.304, 34.4046, 0.0596589, 0.0104967, 0.0858761, 100.787, 17.733, 
145.078, 46.5129, 56.1236, 54.504, 1.72123, 1.61615, 0.200054, 695.519, 653.057, 80.8383, 13.1995, 34.182, 58.4396, 0.760532, 0.639848, 0.121097, 
956.89, 805.046, 152.362, 8.42272, 42.7644, 3.66864, 0.791978, 0.776296, 0.547418, 518.183, 507.922, 358.17, 41.2071, 15.9413, 5.70226, 0.0800395, 
0.193225, 0.140272, 337.595, 814.996, 591.648, 16.8853, 40.1656, 28.1883, 0.13084, 0.209789, 0.20556, 614.237, 984.871, 965.017, 51.9854, 5.3265, 
42.1376, 0.280303, 0.329962, 0.154443, 480.388, 565.494, 264.687, 55.5564, 16.0909, 48.6106, 0.899184, 0.222678, 0.295215, 879.734, 217.862, 288.83, 
19.172, 18.4077, 28.5028, 0.129715, 0.313978, 0.0351797, 308.716, 747.254, 83.726, 14.2807, 31.5216, 37.652, 0.122332, 0.265476, 0.0628045, 410.367, 
890.549, 210.68, 37.1219, 36.0434, 56.5115, 0.0538404, 0.150384, 0.067274, 250.159, 698.731, 312.576, 34.2154, 52.3423, 37.3557, 0.175533, 0.220575, 
0.103476, 767.525, 964.47, 452.45, 36.3594, 4.80686, 10.4546, 0.101561, 0.130226, 0.14523, 435.701, 558.676, 623.045, -54.9026, -0.193731, 49.274, 
-1.3454e+08, -3.17e+08, 7.58228e+07, -1.15712e+10, -2.77969e+10, 6.73525e+09, 25.2074, -53.4879, -19.3076, 1.49287e+08, -1.23821e+08, -2.00917e+08, 4.24026e+11, -3.55104e+11, -5.66769e+11, 41.9074, 
34.234, 45.4741, 0.0991306, 0.269173, 0.229941, 177.132, 480.973, 410.871, 52.9827, 1.11245, -41.7798, 3.83348e+08, 6.35004e+07, -2.05595e+08, 1.07867e+12, 2.1267e+11, 
-5.78021e+11, 58.8305, 12.349, 33.0097, 0.189705, 0.340526, 0.224988, 463.33, 831.694, 549.505, 59.2142, 53.821, 10.8487, 0.206947, 0.101835, 0.194673, 
959.575, 472.19, 902.662, 41.9933, 42.7871, 19.2232, 0.0899666, 0.129266, 0.242922, 294.924, 423.751, 796.334, 17.548, 43.8788, 6.0818, 0.172035, 
0.0266747, 0.118069, 802.402, 124.416, 550.696, 55.1691, -8.94276, 50.8811, 2.92299e+07, -1.801e+08, 1.90823e+08, 7.42107e+10, -5.18177e+11, 5.54769e+11, 7.73482, 24.6138, 
23.025, 0.454287, 0.530361, 0.0213969, 820.013, 957.329, 38.6225, 59.4351, 46.6417, 50.4257, 0.210744, 0.216028, 0.182484, 270.207, 276.982, 233.974, 
57.7327, 25.7898, 28.6538, 3.37945, 0.362436, 7.4908, 343.264, 36.814, 760.868, 19.1041, 1.72797, 9.59471, 0.0748793, 0.294242, 0.11818, 219.486, 
862.483, 346.408, 37.1345, 42.7945, 54.8838, 0.183606, 0.0397669, 0.0920769, 708.799, 153.518, 355.458, 0.96462, 38.6779, 16.672, 0.166177, 0.078708, 
0.200177, 827.701, 392.032, 997.052, 36.2112, 54.3638, 16.7018, -9.37157, -3.91444, -10.1319, -33404.7, -14579.8, -34277.2, 36.9902, 29.0197, 48.4808, 
1.02357, 0.615532, 1.27413, 509.192, 306.207, 633.841, 21.2353, 57.7175, 23.0178, 0.0450696, 0.0473669, 0.424354, 58.9647, 61.9702, 555.184, -0.890507, 
25.7857, -0.410029, -2.17637e+07, 1.34066e+08, -1.42067e+08, -7.42347e+10, 5.18211e+11, -5.54876e+11, 46.0258, 7.07044, 24.878, 0.568897, 0.812502, 0.237564, 652.212, 931.492, 
272.355, 20.1691, 46.981, 21.123, 0.188632, 0.0794434, 0.0704494, 815.599, 343.494, 304.606, 4.9455, 52.9827, 47.4075, 0.129621, 0.0872797, 0.165483, 
573.158, 385.935, 731.736, 18.5041, 30.7768, 59.1451, 0.0432863, 0.106256, 0.152423, 201.154, 493.78, 708.319, 46.6505, 47.9653, 35.9528, 1.23761, 
4.4127, 1.75042, 254.545, 907.579, 360.016, 54.5149, 48.2165, 37.4116, 0.0437505, 0.19717, 0.11473, 162.249, 731.207, 425.477, 30.802, 57.6064, 
27.2278, 0.563717, 0.305798, 0.684391, 795.385, 431.471, 965.653, 5.66606, 34.3706, 59.3034, 0.916375, 1.1229, 0.660336, 787.464, 964.936, 567.443, 
35.5249, 36.3226, 56.1778, 0.367517, 0.470219, 0.109947, 598.633, 765.921, 179.088, 59.3142, 5.36216, 50.1087, 0.0130368, 0.28777, 0.191509, 44.6171, 
984.858, 655.417, 20.938, 13.0365, 2.21879, 1.34045, 1.34004, 0.0736743, 957.455, 957.162, 52.6241, 13.9858, 26.4842, 2.8437, 0.487009, 0.178447, 
0.0453452, 470.701, 172.472, 43.8268, -50.8964, 36.8079, 15.0745, -3.61829e+08, 4.7479e+07, 2.81441e+08, -1.5027e+12, 1.42433e+11, 1.14479e+12, 19.7788, 1.69824, 7.33261, 
60172, 158203, 70740.7, 1.73583e+08, 7.5876e+08, 3.32634e+08, 3.07405, 21.2149, 25.5051, 2.24651, 2.21219, 2.64088, 476.679, 469.397, 560.357, 40.3227, 
6.05076, 22.8663, 0.122942, 0.0834765, 0.2015, 491.412, 333.664, 805.415, 50.6258, 50.7107, 23.7223, -487.823, 2018.47, 2351.69, -37752.2, 95077.4, 
120311, -33.6824, 19.3176, 3.94525, -60374.9, 175421, 10079.6, -2.55646e+08, 7.39353e+08, 2.38358e+07, 16.097, 32.4074, 54.0311, 0.206474, 0.0655978, 0.10824, 
481.806, 153.072, 252.578, 13.943, 23.0047, 20.3609, 0.0409586, 0.268026, 0.0402888, 132.274, 865.579, 130.111, 5.98789, 57.918, 4.8957, 0.0382402, 
0.0205061, 0.0297821, 160.522, 86.0792, 125.017, 29.6494, 47.9449, 49.8878, 0.610019, 3.00419, 1.67574, 182.178, 897.178, 500.447, 28.5619, 40.4079, 
5.90283, 1.06925, 1.09996, 0.221856, 954.663, 982.08, 198.081, -7.33136, -28.7017, -50.644, -819784, -2.52308e+06, -668409, -1.49548e+08, -7.92791e+08, -2.26243e+08, 
59.4733, 23.3479, 15.8053, 7.89922, 9.92549, 10.1896, 760.993, 956.2, 981.646, 42.0675, 36.2481, 52.521, 0.204592, 0.189781, 0.189785, 963.729, 
893.964, 893.982, 31.2294, 44.4154, 9.0024, 0.0904459, 0.0790125, 0.0144517, 384.607, 335.988, 61.4534, 53.489, 19.7586, 55.2075, 0.109314, 0.131297, 
0.020431, 462.546, 555.565, 86.4512
