43.6095, 57.3287, 4.53074, 0.790242, 0.461923, 0.22745, 898.537, 525.225, 258.62, 22.0914, 21.3157, 52.4189, 4.53385, 2.29685, 1.8877, 747.618, 
375.062, 306.647, 43.9989, 39.7678, 52.795, -1.1319, -3.68082, 1.15755, -1295.44, -4125.93, 1296.99, 19.7843, -18.0273, 50.4827, 95017.9, -178600, 
6465.91, 3.80353e+08, -7.2644e+08, 4.65739e+06, 50.0642, 57.2925, 48.0673, 0.160529, 0.145651, 0.0801232, 774.093, 702.347, 386.365, 56.9839, 20.5687, 19.7719, 
0.152888, 0.187157, 0.209895, 643.039, 787.174, 882.808, 49.6641, 12.8525, 26.343, 1.93635, 0.361754, 3.58228, 389.766, 72.8171, 721.074, 46.2775, 
54.3427, 56.4591, 1.2015e+07, 1.57949e+07, 1.30949e+06, 2.14188e+10, 2.83584e+10, 2.49293e+09, 26.0197, 39.9598, 55.8147, 1.5738, 1.37559, 0.993003, 691.277, 604.214, 
436.167, 39.1959, 15.8176, 20.8332, 0.145463, 0.187202, 0.0303932, 541.007, 696.243, 113.038, 9.59586, 3.51016, 7.90563, -2.22459, 5.44633, 1.00601, 
-3018.36, 7291.75, 1339.99, 38.7625, 11.0656, 20.374, 0.112564, 0.0275431, 0.204369, 492.567, 120.526, 894.3, 25.3319, 53.2085, 55.6714, 0.146352, 
0.207899, 0.0801084, 615.51, 874.356, 336.91, 23.8979, 49.5282, 56.2591, 0.168535, 0.0460832, 0.269257, 252.974, 69.1717, 404.159, 10.8132, 20.0213, 
42.1448, 0.660342, 0.677993, 0.190746, 473.312, 485.965, 136.72, 58.2271, 28.3937, 46.4255, 0.297164, 0.0153845, 0.314218, 304.536, 16.2243, 321.478, 
26.9851, 13.7043, 6.79413, 0.23336, 0.150461, 0.166829, 933.33, 601.772, 667.24, 52.1211, 59.9357, 59.3145, 0.114658, 0.289088, 0.227148, 313.314, 
789.959, 620.7, 20.855, 23.8282, 55.8504, 0.139841, 0.181114, 0.122153, 488.904, 638.016, 432.351, 5.22997, 0.918109, 4.17081, 0.264333, 0.229921, 
0.31011, 575.456, 500.541, 675.113, 31.1504, 33.6974, 1.30188, 10.8051, 4.89273, 11.6235, 685.478, 310.397, 737.397, 12.3149, 13.8834, 2.31937, 
0.305853, 0.250338, 0.297887, 879.063, 719.506, 856.168, 42.6563, 33.1912, 41.1938, 0.223333, 0.111442, 0.0191582, 578.531, 288.685, 49.6282, 7.87053, 
6.23183, 8.30283, 1.48819, -2.05408, -0.206948, 4266.43, -5911.33, -603.641, 26.7271, 27.6885, 5.97607, 0.485987, 0.0176252, 0.136469, 794.06, 28.7981, 
222.978, 8.33302, 41.8131, 36.2017, 0.64642, 0.350616, 0.00821132, 767.439, 416.257, 9.74861, 18.9495, 38.4716, 6.99398, 0.100684, 0.21242, 0.194474, 
386.972, 816.418, 747.445, 24.4848, 10.2821, 37.695, 5.31575, -4.12689, -3.357, 11729.4, -8939.88, -7209.89, 3.25988, 15.1371, 20.631, 1.01649, 
-0.957447, -0.243355, 4642.98, -4364.67, -1129.08, 37.2505, 40.5512, 34.4294, 0.00344808, 0.145213, 0.0671691, 16.8794, 710.862, 328.813, 3.70962, 32.3522, 
2.31759, 0.081934, 0.571633, 0.443686, 96.4919, 673.2, 522.519, 42.3813, 48.658, 17.1564, 0.164236, 0.292751, 0.252585, 560.082, 998.344, 861.368, 
29.063, 5.61161, 58.7121, 0.0947944, 0.00453783, 0.159834, 257.975, 8.65995, 437.515, 36.1981, 20.3384, 33.5107, 0.0397444, 0.235838, 0.209024, 106.203, 
630.194, 558.542, 5.57647, 12.6808, 19.8317, -1.18335, 1.67231, 0.634683, -4292.81, 6039.79, 2287.88, 38.1208, 10.3568, 40.9777, 0.456575, 0.430323, 
0.254267, 976.107, 919.983, 543.596, 25.4425, 21.3964, 28.6923, 0.158232, 0.188291, 0.00257956, 657.954, 782.946, 10.7262, 25.0988, 54.909, 44.4362, 
2.44659, 2.5939, -7.06523, 1549.97, 1892.17, -5085.22, 52.4791, 44.6714, 47.2494, 0.249099, 0.130625, 0.0555484, 786.891, 414.958, 181.612, 54.4386, 
7.71202, 10.4382, 0.172275, 0.140488, 0.206283, 761.372, 620.889, 911.675, 45.3594, 15.3046, 34.4098, 0.0596589, 0.0104967, 0.0858761, 100.787, 17.733, 
145.078, 46.6162, 56.2206, 54.516, 1.72123, 1.61615, 0.200054, 695.519, 653.057, 80.8383, 13.2452, 34.2204, 58.4469, 0.760532, 0.639848, 0.121097, 
956.89, 805.046, 152.362, 8.47024, 42.8109, 3.70148, 0.791978, 0.776296, 0.547418, 518.183, 507.922, 358.17, 41.2119, 15.9529, 5.71068, 0.0800395, 
0.193225, 0.140272, 337.595, 814.996, 591.648, 16.8932, 40.1782, 28.2006, 0.13084, 0.209789, 0.20556, 614.237, 984.871, 965.017, 52.0022, 5.3463, 
42.1469, 0.280303, 0.329962, 0.154443, 480.388, 565.494, 264.687, 55.6104, 16.1042, 48.6283, 0.899184, 0.222678, 0.295215, 879.734, 217.862, 288.83, 
19.1798, 18.4265, 28.5049, 0.129715, 0.313978, 0.0351797, 308.716, 747.254, 83.726, 14.288, 31.5376, 37.6558, 0.122332, 0.265476, 0.0628045, 410.367, 
890.549, 210.68, 37.1252, 36.0525, 56.5155, 0.0538404, 0.150384, 0.067274, 250.159, 698.731, 312.576, 34.226, 52.3556, 37.3619, 0.175533, 0.220575, 
0.103476, 767.525, 964.47, 452.45, 36.3655, 4.81468, 10.4633, 0.101561, 0.130226, 0.14523, 435.701, 558.676, 623.045, -29.2147, -51.5798, -53.7216, 
-2.47312e+08, -3.25116e+08, -2.69541e+07, -2.14188e+10, -2.83584e+10, -2.49293e+09, 43.8282, -7.94616, -43.6682, 3.30863e+08, -7.98044e+07, -2.26879e+08, 9.70446e+11, -2.0085e+11, -6.96993e+11, 41.9134, 
34.2502, 45.4879, 0.0991306, 0.269173, 0.229941, 177.132, 480.973, 410.871, 11.0616, -14.0764, -48.4149, 4.37452e+08, -1.78741e+08, -3.01874e+08, 1.17395e+12, -4.65416e+11, 
-8.34438e+11, 58.8419, 12.3694, 33.0232, 0.189705, 0.340526, 0.224988, 463.33, 831.694, 549.505, 59.2266, 53.8271, 10.8604, 0.206947, 0.101835, 0.194673, 
959.575, 472.19, 902.662, 41.9987, 42.7949, 19.2378, 0.0899666, 0.129266, 0.242922, 294.924, 423.751, 796.334, 17.5583, 43.8804, 6.08888, 0.172035, 
0.0266747, 0.118069, 802.402, 124.416, 550.696, -46.9409, -12.2171, 36.4927, -4.15097e+07, -2.29389e+08, 1.60365e+08, -1.30081e+11, -6.94057e+11, 4.99204e+11, 7.76207, 24.6456, 
23.0263, 0.454287, 0.530361, 0.0213969, 820.013, 957.329, 38.6225, 59.4477, 46.6547, 50.4367, 0.210744, 0.216028, 0.182484, 270.207, 276.982, 233.974, 
57.9355, 25.8115, 29.1032, 3.37945, 0.362436, 7.4908, 343.264, 36.814, 760.868, 19.1086, 1.74562, 9.6018, 0.0748793, 0.294242, 0.11818, 219.486, 
862.483, 346.408, 37.1456, 42.7969, 54.8894, 0.183606, 0.0397669, 0.0920769, 708.799, 153.518, 355.458, 0.974591, 38.6826, 16.684, 0.166177, 0.078708, 
0.200177, 827.701, 392.032, 997.052, 35.5581, 54.151, 16.0897, -12.0291, -3.97963, -10.0272, -41226.5, -15259.3, -32478.9, 37.0516, 29.0567, 48.5572, 
1.02357, 0.615532, 1.27413, 509.192, 306.207, 633.841, 21.238, 57.7203, 23.0433, 0.0450696, 0.0473669, 0.424354, 58.9647, 61.9702, 555.184, 55.8265, 
49.059, -57.5501, 3.09036e+07, 1.70761e+08, -1.19389e+08, 1.30106e+11, 6.94116e+11, -4.99285e+11, 46.0599, 7.11919, 24.8922, 0.568897, 0.812502, 0.237564, 652.212, 931.492, 
272.355, 20.1804, 46.9858, 21.1272, 0.188632, 0.0794434, 0.0704494, 815.599, 343.494, 304.606, 4.95328, 52.9879, 47.4175, 0.129621, 0.0872797, 0.165483, 
573.158, 385.935, 731.736, 18.5067, 30.7831, 59.1542, 0.0432863, 0.106256, 0.152423, 201.154, 493.78, 708.319, 46.7247, 48.2301, 36.0578, 1.23761, 
4.4127, 1.75042, 254.545, 907.579, 360.016, 54.5175, 48.2283, 37.4185, 0.0437505, 0.19717, 0.11473, 162.249, 731.207, 425.477, 30.8358, 57.6247, 
27.2688, 0.563717, 0.305798, 0.684391, 795.385, 431.471, 965.653, 5.72104, 34.438, 59.343, 0.916375, 1.1229, 0.660336, 787.464, 964.936, 567.443, 
35.547, 36.3508, 56.1844, 0.367517, 0.470219, 0.109947, 598.633, 765.921, 179.088, 59.315, 5.37943, 50.1202, 0.0130368, 0.28777, 0.191509, 44.6171, 
984.858, 655.417, 21.0185, 13.1169, 2.22321, 1.34045, 1.34004, 0.0736743, 957.455, 957.162, 52.6241, 14.015, 26.4949, 2.84642, 0.487009, 0.178447, 
0.0453452, 470.701, 172.472, 43.8268, -27.4336, 28.8273, 22.1052, -5.28956e+08, 1.76081e+08, 3.63977e+08, -2.1444e+12, 6.66265e+11, 1.53143e+12, 59.4981, 50.2876, -50.0005, 
481856, 277502, -190111, 2.20063e+09, 9.25436e+08, -8.87649e+08, 3.20885, 21.3476, 25.6635, 2.24651, 2.21219, 2.64088, 476.679, 469.397, 560.357, 40.3301, 
6.05576, 22.8784, 0.122942, 0.0834765, 0.2015, 491.412, 333.664, 805.415, 45.7701, 38.9943, 25.5619, -2092.87, 1672.74, 2278.63, -118373, 96307.5, 
109935, -5.36414, 19.5992, 3.30181, -93013.5, 174855, -6321.47, -3.8031e+08, 7.26456e+08, -4.62314e+06, 16.1094, 32.4113, 54.0376, 0.206474, 0.0655978, 0.10824, 
481.806, 153.072, 252.578, 13.9455, 23.0208, 20.3633, 0.0409586, 0.268026, 0.0402888, 132.274, 865.579, 130.111, 5.99018, 57.9192, 4.89749, 0.0382402, 
0.0205061, 0.0297821, 160.522, 86.0792, 125.017, 29.686, 48.1251, 49.9884, 0.610019, 3.00419, 1.67574, 182.178, 897.178, 500.447, 28.6261, 40.4739, 
5.91615, 1.06925, 1.09996, 0.221856, 954.663, 982.08, 198.081, -5.38165, -44.2923, 43.3382, -7.41547e+06, -4.44192e+06, 3.19986e+06, -2.22639e+09, -9.84141e+08, 9.68098e+08, 
59.9473, 23.9434, 16.4166, 7.89922, 9.92549, 10.1896, 760.993, 956.2, 981.646, 42.0863, 36.2714, 52.5332, 0.587465, 0.891338, 0.238759, 2949.4, 
4532.05, 1149.27, 31.2348, 44.4201, 9.00328, 0.0901491, 0.0786656, 0.0148519, 382.859, 334.856, 63.5745, 53.4956, 19.7665, 55.2087, 0.109314, 0.131297, 
0.020431, 462.546, 555.565, 86.4512
