43.6569, 57.3564, 4.54439, 0.790242, 0.461923, 0.22745, 898.537, 525.225, 258.62, 22.3762, 21.4296, 52.4993, 4.96532, 1.51951, 0.815922, 819.645, 
246.134, 128.788, 43.5976, 38.9693, 52.7918, -16.8328, -32.0128, -1.94931, -21797, -40936, -2724.6, 24.2128, -30.5302, 21.4737, 91840.6, -188129, 
16090.9, 3.95182e+08, -7.61862e+08, 5.26995e+07, 50.0738, 57.3012, 48.0721, 0.160529, 0.145651, 0.0801232, 774.093, 702.347, 386.365, 56.9931, 20.5799, 19.7845, 
0.152888, 0.187157, 0.209895, 643.039, 787.174, 882.808, 49.7803, 12.8742, 26.5579, 1.93635, 0.361754, 3.58228, 389.766, 72.8171, 721.074, 17.3598, 
4.49542, 33.9028, 6.29636e+06, 1.6677e+07, 1.62882e+06, 1.14798e+10, 3.00264e+10, 2.78615e+09, 26.1141, 40.0423, 55.8743, 1.5738, 1.37559, 0.993003, 691.277, 604.214, 
436.167, 39.2046, 15.8288, 20.8351, 0.145463, 0.187202, 0.0303932, 541.007, 696.243, 113.038, 9.27353, 4.12923, 8.00824, -13.1863, 22.2028, 3.41292, 
-22882.6, 37540.9, 5676.38, 38.7692, 11.0673, 20.3862, 0.112564, 0.0275431, 0.204369, 492.567, 120.526, 894.3, 25.3406, 53.2209, 55.6762, 0.146352, 
0.207899, 0.0801084, 615.51, 874.356, 336.91, 23.908, 49.531, 56.2753, 0.168535, 0.0460832, 0.269257, 252.974, 69.1717, 404.159, 10.8528, 20.062, 
42.1562, 0.660342, 0.677993, 0.190746, 473.312, 485.965, 136.72, 58.2465, 28.3951, 46.4448, 0.307523, 0.0503977, 0.354638, 317.433, 56.2717, 357.907, 
26.9991, 13.7134, 6.80414, 0.23336, 0.150461, 0.166829, 933.33, 601.772, 667.24, 52.128, 59.9531, 59.3281, 0.114658, 0.289088, 0.227148, 313.314, 
789.959, 620.7, 20.8628, 23.8402, 55.8593, 0.119589, 0.2176, 0.172459, 416.878, 766.943, 610.21, 5.24583, 0.931904, 4.18942, 0.264333, 0.229921, 
0.31011, 575.456, 500.541, 675.113, 31.7987, 33.991, 1.99929, 10.8051, 4.89273, 11.6235, 685.478, 310.397, 737.397, 12.3332, 13.8984, 2.33724, 
0.305853, 0.250338, 0.297887, 879.063, 719.506, 856.168, 42.6697, 33.1979, 41.195, 0.223333, 0.111442, 0.0191582, 578.531, 288.685, 49.6282, 8.0482, 
5.9718, 8.27064, 6.61785, -9.89547, -1.33329, 24130.7, -36160.5, -4940.02, 26.7562, 27.6896, 5.98426, 0.485987, 0.0176252, 0.136469, 794.06, 28.7981, 
222.978, 8.3718, 41.8341, 36.2022, 0.64642, 0.350616, 0.00821132, 767.439, 416.257, 9.74861, 18.9556, 38.4843, 7.00565, 0.100684, 0.21242, 0.194474, 
386.972, 816.418, 747.445, 24.8356, 10.0544, 37.4636, 6.16567, -3.36839, -4.86528, 13237.9, -7306.92, -10580, 3.34359, 15.0534, 20.609, 1.86229, 
-1.88429, -0.509379, 8579.33, -8677.56, -2424.06, 37.2507, 40.5599, 34.4335, 0.00344808, 0.145213, 0.0671691, 16.8794, 710.862, 328.813, 3.71454, 32.3865, 
2.34421, 0.081934, 0.571633, 0.443686, 96.4919, 673.2, 522.519, 42.3911, 48.6755, 17.1715, 0.164236, 0.292751, 0.252585, 560.082, 998.344, 861.368, 
29.0685, 5.61214, 58.7217, 0.0897077, 0.00650403, 0.160174, 245.262, 21.2198, 441.402, 36.2005, 20.3525, 33.5232, 0.0397444, 0.235838, 0.209024, 106.203, 
630.194, 558.542, 5.47396, 12.8144, 19.8806, -2.29677, 2.8478, 1.01708, -8397.37, 10371.9, 3697.15, 38.1482, 10.3827, 40.9929, 0.456575, 0.430323, 
0.254267, 976.107, 919.983, 543.596, 25.452, 21.4077, 28.6924, 0.158232, 0.188291, 0.00257956, 657.954, 782.946, 10.7262, 25.1689, 55.0772, 43.9374, 
2.60947, 2.4003, -9.12129, 2230.18, 2057.79, -6745.33, 52.4943, 44.679, 47.253, 0.256845, 0.129223, 0.061681, 813.436, 408.883, 192.635, 54.449, 
7.72045, 10.4506, 0.172275, 0.140488, 0.206283, 761.372, 620.889, 911.675, 45.363, 15.3052, 34.4149, 0.0596589, 0.0104967, 0.0858761, 100.787, 17.733, 
145.078, 46.7195, 56.3175, 54.528, 1.72123, 1.61615, 0.200054, 695.519, 653.057, 80.8383, 13.2908, 34.2588, 58.4541, 0.760532, 0.639848, 0.121097, 
956.89, 805.046, 152.362, 8.51776, 42.8575, 3.73433, 0.791978, 0.776296, 0.547418, 518.183, 507.922, 358.17, 41.2167, 15.9645, 5.71909, 0.0800395, 
0.193225, 0.140272, 337.595, 814.996, 591.648, 16.901, 40.1907, 28.2129, 0.13084, 0.209789, 0.20556, 614.237, 984.871, 965.017, 52.019, 5.36609, 
42.1562, 0.280303, 0.329962, 0.154443, 480.388, 565.494, 264.687, 55.6643, 16.1176, 48.646, 0.899184, 0.222678, 0.295215, 879.734, 217.862, 288.83, 
19.1876, 18.4454, 28.507, 0.129715, 0.313978, 0.0351797, 308.716, 747.254, 83.726, 14.2954, 31.5535, 37.6595, 0.122332, 0.265476, 0.0628045, 410.367, 
890.549, 210.68, 37.1284, 36.0615, 56.5196, 0.0538404, 0.150384, 0.067274, 250.159, 698.731, 312.576, 34.2365, 52.3688, 37.3681, 0.175533, 0.220575, 
0.103476, 767.525, 964.47, 452.45, 36.3716, 4.82249, 10.472, 0.101561, 0.130226, 0.14523, 435.701, 558.676, 623.045, -17.0607, -18.1798, -6.41623, 
-1.29602e+08, -3.43272e+08, -3.35269e+07, -1.14798e+10, -3.00263e+10, -2.78615e+09, 41.6216, -13.7045, -18.5135, 3.66857e+08, -5.47701e+07, -1.2968e+08, 1.10271e+12, -1.95335e+11, -3.44849e+11, 41.9193, 
34.2663, 45.5017, 0.0991306, 0.269173, 0.229941, 177.132, 480.973, 410.871, 51.1824, -16.7927, -44.1071, 4.42682e+08, -2.70322e+08, -3.48095e+08, 1.18633e+12, -7.55014e+11, 
-9.03912e+11, 58.8533, 12.3898, 33.0367, 0.189705, 0.340526, 0.224988, 463.33, 831.694, 549.505, 59.239, 53.8332, 10.8721, 0.206947, 0.101835, 0.194673, 
959.575, 472.19, 902.662, 42.0041, 42.8026, 19.2524, 0.0899666, 0.129266, 0.242922, 294.924, 423.751, 796.334, 17.5686, 43.882, 6.09597, 0.172035, 
0.0266747, 0.118069, 802.402, 124.416, 550.696, -42.3993, -24.4908, 58.8274, -4.48842e+07, -2.55973e+08, 2.35622e+08, -1.60329e+11, -7.81936e+11, 7.50934e+11, 7.78933, 24.6774, 
23.0276, 0.454287, 0.530361, 0.0213969, 820.013, 957.329, 38.6225, 59.4604, 46.6676, 50.4476, 0.210744, 0.216028, 0.182484, 270.207, 276.982, 233.974, 
58.1382, 25.8332, 29.5527, 3.37945, 0.362436, 7.4908, 343.264, 36.814, 760.868, 19.113, 1.76328, 9.60889, 0.0748793, 0.294242, 0.11818, 219.486, 
862.483, 346.408, 37.1566, 42.7993, 54.8949, 0.183606, 0.0397669, 0.0920769, 708.799, 153.518, 355.458, 0.984561, 38.6873, 16.696, 0.166177, 0.078708, 
0.200177, 827.701, 392.032, 997.052, 34.7398, 54.1432, 15.5099, -16.7759, 3.2032, -7.1089, -56762.9, 10879.7, -22402.7, 37.113, 29.0936, 48.6337, 
1.02357, 0.615532, 1.27413, 509.192, 306.207, 633.841, 21.2407, 57.7231, 23.0688, 0.0450696, 0.0473669, 0.424354, 58.9647, 61.9702, 555.184, 8.07883, 
33.7612, -38.3416, 3.34141e+07, 1.90554e+08, -1.75411e+08, 1.60349e+11, 7.82014e+11, -7.51035e+11, 46.0941, 7.16794, 24.9065, 0.568897, 0.812502, 0.237564, 652.212, 931.492, 
272.355, 20.1917, 46.9906, 21.1314, 0.188632, 0.0794434, 0.0704494, 815.599, 343.494, 304.606, 4.96105, 52.9932, 47.4274, 0.129621, 0.0872797, 0.165483, 
573.158, 385.935, 731.736, 18.5093, 30.7895, 59.1634, 0.0432863, 0.106256, 0.152423, 201.154, 493.78, 708.319, 46.799, 48.4949, 36.1628, 1.23761, 
4.4127, 1.75042, 254.545, 907.579, 360.016, 54.5201, 48.2401, 37.4253, 0.0437505, 0.19717, 0.11473, 162.249, 731.207, 425.477, 30.8697, 57.6431, 
27.3099, 0.563717, 0.305798, 0.684391, 795.385, 431.471, 965.653, 5.77602, 34.5053, 59.3827, 0.916375, 1.1229, 0.660336, 787.464, 964.936, 567.443, 
35.569, 36.379, 56.191, 0.367517, 0.470219, 0.109947, 598.633, 765.921, 179.088, 59.3157, 5.3967, 50.1316, 0.0130368, 0.28777, 0.191509, 44.6171, 
984.858, 655.417, 21.0989, 13.1973, 2.22763, 1.34045, 1.34004, 0.0736743, 957.455, 957.162, 52.6241, 14.0442, 26.5056, 2.84914, 0.487009, 0.178447, 
0.0453452, 470.701, 172.472, 43.8268, -39.1655, 9.64885, 1.96015, -5.58447e+08, 2.18631e+08, 3.24304e+08, -2.28904e+12, 9.50349e+11, 1.24876e+12, 25.4703, 50.8241, 27.2864, 
592581, 415219, -21301.5, 2.40634e+09, 1.88162e+09, 5.34414e+07, 3.34364, 21.4804, 25.822, 2.24651, 2.21219, 2.64088, 476.679, 469.397, 560.357, 40.3374, 
6.06077, 22.8905, 0.122942, 0.0834765, 0.2015, 491.412, 333.664, 805.415, 35.4561, 48.1565, 0.95806, -2370.7, 2318.44, 1215.78, -129998, 110817, 
66906.9, -30.8193, 4.86682, -19.0624, -89899, 184179, -15746.9, -3.95124e+08, 7.61852e+08, -5.26753e+07, 16.1218, 32.4153, 54.0441, 0.206474, 0.0655978, 0.10824, 
481.806, 153.072, 252.578, 13.9479, 23.0369, 20.3658, 0.0409586, 0.268026, 0.0402888, 132.274, 865.579, 130.111, 5.99248, 57.9204, 4.89928, 0.0382402, 
0.0205061, 0.0297821, 160.522, 86.0792, 125.017, 29.7226, 48.3054, 50.0889, 0.610019, 3.00419, 1.67574, 182.178, 897.178, 500.447, 28.6902, 40.5399, 
5.92946, 1.06925, 1.09996, 0.221856, 954.663, 982.08, 198.081, -31.5662, -9.53031, 22.3298, -9.08e+06, -6.60431e+06, 697605, -2.42642e+09, -1.95909e+09, 4.7134e+07, 
0.32122, 24.5389, 17.028, 7.89922, 9.92549, 10.1896, 760.993, 956.2, 981.646, 42.1921, 36.4529, 52.5579, 3.98313, 7.0211, 0.765597, 23354.4, 
41310.6, 4363.28, 31.2402, 44.4249, 9.00418, 0.0898167, 0.0792435, 0.0148387, 381.627, 336.502, 63.1266, 53.5022, 19.7744, 55.21, 0.109314, 0.131297, 
0.020431, 462.546, 555.565, 86.4512
