43.7044, 57.3841, 4.55804, 0.790242, 0.461923, 0.22745, 898.537, 525.225, 258.62, 22.6953, 21.4891, 52.5039, 5.67192, 0.502064, -0.616253, 937.205, 
77.7678, -108.338, 48.8429, 48.6685, -55.3282, 5.57067e+12, 2.72419e+12, -9.1544e+11, 5.62275e+15, 2.24722e+15, -2.7002e+14, 48.8143, -35.9295, 15.1186, 113582, -217458, 
100176, 4.54961e+08, -8.68455e+08, 3.92308e+08, 50.0834, 57.3099, 48.0769, 0.160529, 0.145651, 0.0801232, 774.093, 702.347, 386.365, 57.0023, 20.5912, 19.7971, 
0.152888, 0.187157, 0.209895, 643.039, 787.174, 882.808, 49.8965, 12.8959, 26.7729, 1.93635, 0.361754, 3.58228, 389.766, 72.8171, 721.074, 37.405, 
48.5674, 56.4508, 1.05027e+07, 2.06502e+07, 1.68059e+06, 2.0097e+10, 3.76877e+10, 3.4478e+09, 26.2086, 40.1249, 55.9338, 1.5738, 1.37559, 0.993003, 691.277, 604.214, 
436.167, 39.2133, 15.8401, 20.8369, 0.145463, 0.187202, 0.0303932, 541.007, 696.243, 113.038, 46.0044, 5.15501, 9.96289, 4.42246e+07, 2.22489e+07, 1.15845e+08, 
5.81135e+10, 4.42326e+10, 1.30907e+11, 38.776, 11.0689, 20.3985, 0.112564, 0.0275431, 0.204369, 492.567, 120.526, 894.3, 25.3494, 53.2334, 55.681, 0.146352, 
0.207899, 0.0801084, 615.51, 874.356, 336.91, 23.9181, 49.5338, 56.2914, 0.168535, 0.0460832, 0.269257, 252.974, 69.1717, 404.159, 10.8924, 20.1026, 
42.1677, 0.660342, 0.677993, 0.190746, 473.312, 485.965, 136.72, 58.2671, 28.4003, 46.4658, 0.369345, 0.111607, 0.350468, 376.238, 117.119, 358.563, 
27.0131, 13.7224, 6.81415, 0.23336, 0.150461, 0.166829, 933.33, 601.772, 667.24, 52.1349, 59.9704, 59.3417, 0.114658, 0.289088, 0.227148, 313.314, 
789.959, 620.7, 20.869, 23.8547, 55.8717, 0.0864231, 0.265355, 0.239681, 299.317, 935.31, 847.336, 5.26169, 0.945699, 4.20803, 0.264333, 0.229921, 
0.31011, 575.456, 500.541, 675.113, 32.447, 34.2846, 2.6967, 10.8051, 4.89273, 11.6235, 685.478, 310.397, 737.397, 12.3516, 13.9134, 2.35512, 
0.305853, 0.250338, 0.297887, 879.063, 719.506, 856.168, 42.6831, 33.2046, 41.1961, 0.223333, 0.111442, 0.0191582, 578.531, 288.685, 49.6282, -23.5302, 
-41.861, -21.7234, -2.06954e+07, -1.04116e+07, -5.4211e+07, -5.81135e+10, -4.42326e+10, -1.30907e+11, 26.7854, 27.6907, 5.99245, 0.485987, 0.0176252, 0.136469, 794.06, 28.7981, 
222.978, 8.41059, 41.8552, 36.2026, 0.64642, 0.350616, 0.00821132, 767.439, 416.257, 9.74861, 18.9616, 38.4971, 7.01732, 0.100684, 0.21242, 0.194474, 
386.972, 816.418, 747.445, 25.1508, 9.85026, 37.1654, 5.0587, -3.10405, -5.55647, 11071.6, -6602.01, -11581.2, 3.53975, 14.8491, 20.5483, 5.46803, 
-5.79834, -1.74112, 27379.8, -29077, -8828.01, 37.2509, 40.5686, 34.4375, 0.00344808, 0.145213, 0.0671691, 16.8794, 710.862, 328.813, 3.71946, 32.4208, 
2.37084, 0.081934, 0.571633, 0.443686, 96.4919, 673.2, 522.519, 42.401, 48.6931, 17.1867, 0.164236, 0.292751, 0.252585, 560.082, 998.344, 861.368, 
29.0738, 5.61288, 58.7313, 0.0878393, 0.0176185, 0.164837, 240.794, 50.0987, 453.516, 36.2029, 20.3667, 33.5358, 0.0397444, 0.235838, 0.209024, 106.203, 
630.194, 558.542, 5.22934, 13.097, 19.978, -6.8778, 7.6272, 2.57149, -27247.4, 30022, 10088.5, 38.1756, 10.4085, 41.0082, 0.456575, 0.430323, 
0.254267, 976.107, 919.983, 543.596, 25.4615, 21.419, 28.6926, 0.158232, 0.188291, 0.00257956, 657.954, 782.946, 10.7262, 25.3512, 55.2122, 43.2642, 
3.04403, 2.70383, -11.6692, 2130.62, 2233.41, -8542.66, 52.5099, 44.6865, 47.2563, 0.260834, 0.111645, 0.053149, 827.121, 350.587, 164.517, 54.4593, 
7.72888, 10.463, 0.172275, 0.140488, 0.206283, 761.372, 620.889, 911.675, 45.3666, 15.3059, 34.4201, 0.0596589, 0.0104967, 0.0858761, 100.787, 17.733, 
145.078, 46.8227, 56.4145, 54.54, 1.72123, 1.61615, 0.200054, 695.519, 653.057, 80.8383, 13.3364, 34.2972, 58.4614, 0.760532, 0.639848, 0.121097, 
956.89, 805.046, 152.362, 8.56528, 42.9041, 3.76717, 0.791978, 0.776296, 0.547418, 518.183, 507.922, 358.17, 41.2215, 15.9761, 5.72751, 0.0800395, 
0.193225, 0.140272, 337.595, 814.996, 591.648, 16.9089, 40.2033, 28.2253, 0.13084, 0.209789, 0.20556, 614.237, 984.871, 965.017, 52.0358, 5.38589, 
42.1654, 0.280303, 0.329962, 0.154443, 480.388, 565.494, 264.687, 55.7183, 16.1309, 48.6637, 0.899184, 0.222678, 0.295215, 879.734, 217.862, 288.83, 
19.1954, 18.4642, 28.5091, 0.129715, 0.313978, 0.0351797, 308.716, 747.254, 83.726, 14.3027, 31.5694, 37.6633, 0.122332, 0.265476, 0.0628045, 410.367, 
890.549, 210.68, 37.1316, 36.0705, 56.5236, 0.0538404, 0.150384, 0.067274, 250.159, 698.731, 312.576, 34.247, 52.3821, 37.3743, 0.175533, 0.220575, 
0.103476, 767.525, 964.47, 452.45, 36.3777, 4.83031, 10.4807, 0.101561, 0.130226, 0.14523, 435.701, 558.676, 623.045, -11.9746, -48.1792, -57.2961, 
-2.16183e+08, -4.25054e+08, -3.45926e+07, -2.0097e+10, -3.76877e+10, -3.4478e+09, 27.1562, 26.8334, -14.1029, 4.05527e+08, 1.89324e+07, -5.3345e+07, 1.20072e+12, 1.59691e+10, -1.20645e+11, 41.9253, 
34.2825, 45.5155, 0.0991306, 0.269173, 0.229941, 177.132, 480.973, 410.871, 13.1325, -42.6747, -29.7585, 4.00109e+08, -3.32881e+08, -3.25409e+08, 1.11267e+12, -8.58249e+11, 
-8.55382e+11, 58.8647, 12.4103, 33.0502, 0.189705, 0.340526, 0.224988, 463.33, 831.694, 549.505, 59.2514, 53.8393, 10.8838, 0.206947, 0.101835, 0.194673, 
959.575, 472.19, 902.662, 42.0095, 42.8104, 19.267, 0.0899666, 0.129266, 0.242922, 294.924, 423.751, 796.334, 17.579, 43.8836, 6.10305, 0.172035, 
0.0266747, 0.118069, 802.402, 124.416, 550.696, -6.96628, -34.6292, 0.500434, -4.63536e+07, -2.30156e+08, 2.3233e+08, -1.32378e+11, -7.0828e+11, 6.83832e+11, 7.81659, 24.7093, 
23.0288, 0.454287, 0.530361, 0.0213969, 820.013, 957.329, 38.6225, 59.473, 46.6806, 50.4586, 0.210744, 0.216028, 0.182484, 270.207, 276.982, 233.974, 
58.341, 25.855, 30.0021, 3.37945, 0.362436, 7.4908, 343.264, 36.814, 760.868, 19.1175, 1.78093, 9.61598, 0.0748793, 0.294242, 0.11818, 219.486, 
862.483, 346.408, 37.1676, 42.8017, 54.9004, 0.183606, 0.0397669, 0.0920769, 708.799, 153.518, 355.458, 0.994532, 38.692, 16.708, 0.166177, 0.078708, 
0.200177, 827.701, 392.032, 997.052, 33.7621, 54.1209, 15.0275, -15.6706, -0.640171, -9.73518, -56109.9, -443.994, -33099.1, 37.1744, 29.1305, 48.7101, 
1.02357, 0.615532, 1.27413, 509.192, 306.207, 633.841, 21.2434, 57.726, 23.0942, 0.0450696, 0.0473669, 0.424354, 58.9647, 61.9702, 555.184, 41.4127, 
53.151, -45.0277, 3.45071e+07, 1.71329e+08, -1.72949e+08, 1.32392e+11, 7.08326e+11, -6.83886e+11, 46.1282, 7.21669, 24.9208, 0.568897, 0.812502, 0.237564, 652.212, 931.492, 
272.355, 20.203, 46.9953, 21.1356, 0.188632, 0.0794434, 0.0704494, 815.599, 343.494, 304.606, 4.96883, 52.9984, 47.4373, 0.129621, 0.0872797, 0.165483, 
573.158, 385.935, 731.736, 18.5119, 30.7959, 59.1725, 0.0432863, 0.106256, 0.152423, 201.154, 493.78, 708.319, 46.8732, 48.7596, 36.2678, 1.23761, 
4.4127, 1.75042, 254.545, 907.579, 360.016, 54.5228, 48.252, 37.4322, 0.0437505, 0.19717, 0.11473, 162.249, 731.207, 425.477, 30.9035, 57.6614, 
27.3509, 0.563717, 0.305798, 0.684391, 795.385, 431.471, 965.653, 5.83101, 34.5727, 59.4223, 0.916375, 1.1229, 0.660336, 787.464, 964.936, 567.443, 
35.5911, 36.4072, 56.1976, 0.367517, 0.470219, 0.109947, 598.633, 765.921, 179.088, 59.3165, 5.41396, 50.1431, 0.0130368, 0.28777, 0.191509, 44.6171, 
984.858, 655.417, 21.1793, 13.2777, 2.23205, 1.34045, 1.34004, 0.0736743, 957.455, 957.162, 52.6241, 14.0734, 26.5163, 2.85186, 0.487009, 0.178447, 
0.0453452, 470.701, 172.472, 43.8268, -30.9703, 41.2075, 9.51478, -5.58214e+08, 2.06769e+08, 2.54083e+08, -2.31339e+12, 8.4228e+11, 9.76027e+11, 42.1684, 53.5682, 26.3725, 
249611, 457707, 211218, 7.90871e+08, 1.81227e+09, 1.04389e+09, 3.47843, 21.6131, 25.9804, 2.24651, 2.21219, 2.64088, 476.679, 469.397, 560.357, 40.3448, 
6.06578, 22.9026, 0.122942, 0.0834765, 0.2015, 491.412, 333.664, 805.415, 29.9392, 51.0264, 10.8951, -2495.63, -1133.52, 2665.75, -144767, -48001.4, 
154838, -26.7018, 58.4273, -44.3248, -111185, 212895, -98065.5, -4.54904e+08, 8.68456e+08, -3.92273e+08, 16.1342, 32.4192, 54.0506, 0.206474, 0.0655978, 0.10824, 
481.806, 153.072, 252.578, 13.9504, 23.0529, 20.3682, 0.0409586, 0.268026, 0.0402888, 132.274, 865.579, 130.111, 5.99477, 57.9217, 4.90106, 0.0382402, 
0.0205061, 0.0297821, 160.522, 86.0792, 125.017, 29.7592, 48.4857, 50.1895, 0.610019, 3.00419, 1.67574, 182.178, 897.178, 500.447, 28.7544, 40.6059, 
5.94277, 1.06925, 1.09996, 0.221856, 954.663, 982.08, 198.081, -36.1307, -17.4266, -47.6743, -3.85079e+06, -7.13979e+06, -3.02321e+06, -8.05031e+08, -1.85874e+09, -9.89784e+08, 
0.795173, 25.1345, 17.6394, 7.89922, 9.92549, 10.1896, 760.993, 956.2, 981.646, -42.1383, -21.3034, 54.2374, -1.2084e+12, -5.90933e+11, 1.98578e+11, -5.62275e+15, 
-2.24722e+15, 2.7002e+14, 31.2455, 44.4296, 9.00506, 0.0891172, 0.0797828, 0.0145104, 379.442, 339.796, 62.1199, 53.5087, 19.7823, 55.2112, 0.109314, 0.131297, 
0.020431, 462.546, 555.565, 86.4512
