43.7518, 57.4118, 4.57168, 0.790242, 0.461923, 0.22745, 898.537, 525.225, 258.62, 23.0673, 21.4805, 52.4114, 6.71054, -0.735241, -2.39499, 1109.55, 
-126.64, -402.349, 18.634, 39.7185, 38.0641, 1.20198e+13, 2.30554e+12, 6.26585e+12, 1.16152e+16, 1.68811e+15, 6.23141e+15, 36.2895, -12.744, 53.0319, 120487, -295052, 
9124.57, 4.682e+08, -1.19678e+09, 3.94857e+07, 50.0931, 57.3187, 48.0818, 0.160529, 0.145651, 0.0801232, 774.093, 702.347, 386.365, 57.0114, 20.6024, 19.8097, 
0.152888, 0.187157, 0.209895, 643.039, 787.174, 882.808, 50.0127, 12.9176, 26.9878, 1.93635, 0.361754, 3.58228, 389.766, 72.8171, 721.074, 50.264, 
36.6984, 15.5224, 8.34637e+06, 2.62238e+07, 4.88767e+06, 1.48501e+10, 4.90624e+10, 9.49205e+09, 26.303, 40.2074, 55.9934, 1.5738, 1.37559, 0.993003, 691.277, 604.214, 
436.167, 39.2221, 15.8513, 20.8387, 0.145463, 0.187202, 0.0303932, 541.007, 696.243, 113.038, 25.5643, -32.6151, 30.1451, 4.22879e+07, -2.85448e+07, 1.76822e+08, 
7.93719e+10, -4.56625e+10, 2.26329e+11, 38.7827, 11.0706, 20.4108, 0.112564, 0.0275431, 0.204369, 492.567, 120.526, 894.3, 25.3582, 53.2459, 55.6858, 0.146352, 
0.207899, 0.0801084, 615.51, 874.356, 336.91, 2.57616, 50.6127, 55.1417, -856.902, -318.06, 485.555, -1.20577e+06, -706458, 827525, 10.932, 20.1433, 
42.1791, 0.660342, 0.677993, 0.190746, 473.312, 485.965, 136.72, 58.2911, 28.4069, 46.4851, 0.400639, 0.119301, 0.314129, 415.614, 120.63, 323.526, 
27.0271, 13.7314, 6.82416, 0.23336, 0.150461, 0.166829, 933.33, 601.772, 667.24, 52.1418, 59.9877, 59.3554, 0.114658, 0.289088, 0.227148, 313.314, 
789.959, 620.7, 20.8727, 23.8725, 55.8887, 0.0376737, 0.323431, 0.323169, 126.972, 1139.72, 1141.35, 5.27755, 0.959495, 4.22663, 0.264333, 0.229921, 
0.31011, 575.456, 500.541, 675.113, 33.0953, 34.5781, 3.3941, 10.8051, 4.89273, 11.6235, 685.478, 310.397, 737.397, 12.3699, 13.9284, 2.37299, 
0.305853, 0.250338, 0.297887, 879.063, 719.506, 856.168, 42.6965, 33.2113, 41.1973, 0.223333, 0.111442, 0.0191582, 578.531, 288.685, 49.6282, -14.7025, 
39.616, -58.4936, -1.97891e+07, 1.33578e+07, -8.27458e+07, -7.93719e+10, 4.56625e+10, -2.26329e+11, 26.8145, 27.6917, 6.00064, 0.485987, 0.0176252, 0.136469, 794.06, 28.7981, 
222.978, 8.44937, 41.8762, 36.2031, 0.64642, 0.350616, 0.00821132, 767.439, 416.257, 9.74861, 18.9677, 38.5098, 7.02898, 0.100684, 0.21242, 0.194474, 
386.972, 816.418, 747.445, 25.4236, 9.69132, 36.7982, 4.20472, -2.3358, -6.80624, 8779.71, -5385.4, -14599.2, 28.7136, -17.3656, 45.4937, 30894.2, 
-53282.6, -749.457, 7.80617e+07, -2.04248e+08, -1.15734e+07, 37.2512, 40.5773, 34.4415, 0.00344808, 0.145213, 0.0671691, 16.8794, 710.862, 328.813, 3.72437, 32.4551, 
2.39746, 0.081934, 0.571633, 0.443686, 96.4919, 673.2, 522.519, 42.4108, 48.7107, 17.2019, 0.164236, 0.292751, 0.252585, 560.082, 998.344, 861.368, 
29.0789, 5.61393, 58.741, 0.0824404, 0.0124514, 0.160254, 229.873, 35.473, 440.833, 36.2053, 20.3808, 33.5483, 0.0397444, 0.235838, 0.209024, 106.203, 
630.194, 558.542, -51.1671, 38.6227, 51.9351, -39158.4, 67536.2, 950.252, -7.80618e+07, 2.04249e+08, 1.15745e+07, 38.203, 10.4343, 41.0234, 0.456575, 0.430323, 
0.254267, 976.107, 919.983, 543.596, 25.471, 21.4303, 28.6927, 0.158232, 0.188291, 0.00257956, 657.954, 782.946, 10.7262, 25.697, 55.2813, 42.4129, 
6.21477, 0.332805, -16.7465, 4487.08, 410.394, -12814.3, 52.5255, 44.6937, 47.2596, 0.264068, 0.121015, 0.0565251, 830.592, 379.559, 175.088, 54.4697, 
7.73731, 10.4753, 0.172275, 0.140488, 0.206283, 761.372, 620.889, 911.675, 45.3701, 15.3065, 34.4252, 0.0596589, 0.0104967, 0.0858761, 100.787, 17.733, 
145.078, 46.926, 56.5115, 54.552, 1.72123, 1.61615, 0.200054, 695.519, 653.057, 80.8383, 13.3821, 34.3356, 58.4687, 0.760532, 0.639848, 0.121097, 
956.89, 805.046, 152.362, 8.6128, 42.9507, 3.80002, 0.791978, 0.776296, 0.547418, 518.183, 507.922, 358.17, 41.2263, 15.9877, 5.73593, 0.0800395, 
0.193225, 0.140272, 337.595, 814.996, 591.648, 16.9167, 40.2159, 28.2376, 0.13084, 0.209789, 0.20556, 614.237, 984.871, 965.017, 52.0526, 5.40569, 
42.1747, 0.280303, 0.329962, 0.154443, 480.388, 565.494, 264.687, 55.7722, 16.1443, 48.6815, 0.899184, 0.222678, 0.295215, 879.734, 217.862, 288.83, 
19.2032, 18.483, 28.5112, 0.129715, 0.313978, 0.0351797, 308.716, 747.254, 83.726, 14.31, 31.5853, 37.6671, 0.122332, 0.265476, 0.0628045, 410.367, 
890.549, 210.68, 37.1349, 36.0795, 56.5276, 0.0538404, 0.150384, 0.067274, 250.159, 698.731, 312.576, 34.2576, 52.3953, 37.3806, 0.175533, 0.220575, 
0.103476, 767.525, 964.47, 452.45, 36.3838, 4.83812, 10.4894, 0.101561, 0.130226, 0.14523, 435.701, 558.676, 623.045, -13.6694, -15.6975, -36.9642, 
-1.71798e+08, -5.3978e+08, -1.00606e+08, -1.48501e+10, -4.90624e+10, -9.49205e+09, 3.38411, 3.30223, 51.5255, 3.14155e+08, 3.81258e+07, 4.10952e+07, 9.27011e+11, 1.2423e+11, 9.03226e+10, 41.9312, 
34.2986, 45.5293, 0.0991306, 0.269173, 0.229941, 177.132, 480.973, 410.871, 18.8482, -19.7484, -0.166921, 3.68183e+08, -2.15004e+08, -4.83723e+08, 9.7349e+11, -5.37283e+11, 
-1.32703e+12, 58.8761, 12.4307, 33.0637, 0.189705, 0.340526, 0.224988, 463.33, 831.694, 549.505, 59.2638, 53.8454, 10.8954, 0.206947, 0.101835, 0.194673, 
959.575, 472.19, 902.662, 42.0149, 42.8181, 19.2815, 0.0899666, 0.129266, 0.242922, 294.924, 423.751, 796.334, 17.5893, 43.8852, 6.11013, 0.172035, 
0.0266747, 0.118069, 802.402, 124.416, 550.696, -34.4953, -37.3774, 0.237372, -2.18381e+07, -2.18474e+08, 1.92452e+08, -7.96652e+10, -6.61718e+11, 5.63812e+11, 7.84384, 24.7411, 
23.0301, 0.454287, 0.530361, 0.0213969, 820.013, 957.329, 38.6225, 59.4857, 46.6935, 50.4695, 0.210744, 0.216028, 0.182484, 270.207, 276.982, 233.974, 
58.5438, 25.8767, 30.4516, 3.37945, 0.362436, 7.4908, 343.264, 36.814, 760.868, 19.122, 1.79859, 9.62307, 0.0748793, 0.294242, 0.11818, 219.486, 
862.483, 346.408, 37.1786, 42.8041, 54.9059, 0.183606, 0.0397669, 0.0920769, 708.799, 153.518, 355.458, 1.0045, 38.6968, 16.72, 0.166177, 0.078708, 
0.200177, 827.701, 392.032, 997.052, 32.775, 54.0817, 14.2919, -17.5359, 1.64652, -12.3875, -59485, 3454.69, -41504.6, 37.2358, 29.1674, 48.7866, 
1.02357, 0.615532, 1.27413, 509.192, 306.207, 633.841, 21.2461, 57.7288, 23.1197, 0.0450696, 0.0473669, 0.424354, 58.9647, 61.9702, 555.184, 44.6331, 
31.4262, -37.1957, 1.62622e+07, 1.62641e+08, -1.43265e+08, 7.96923e+10, 6.61795e+11, -5.63863e+11, 46.1623, 7.26544, 24.935, 0.568897, 0.812502, 0.237564, 652.212, 931.492, 
272.355, 20.2143, 47.0001, 21.1399, 0.188632, 0.0794434, 0.0704494, 815.599, 343.494, 304.606, 4.97661, 53.0036, 47.4472, 0.129621, 0.0872797, 0.165483, 
573.158, 385.935, 731.736, 18.5145, 30.8023, 59.1816, 0.0432863, 0.106256, 0.152423, 201.154, 493.78, 708.319, 46.9475, 49.0244, 36.3729, 1.23761, 
4.4127, 1.75042, 254.545, 907.579, 360.016, 54.5254, 48.2638, 37.4391, 0.0437505, 0.19717, 0.11473, 162.249, 731.207, 425.477, 30.9373, 57.6798, 
27.392, 0.563717, 0.305798, 0.684391, 795.385, 431.471, 965.653, 5.88599, 34.6401, 59.4619, 0.916375, 1.1229, 0.660336, 787.464, 964.936, 567.443, 
35.6131, 36.4354, 56.2042, 0.367517, 0.470219, 0.109947, 598.633, 765.921, 179.088, 59.3173, 5.43123, 50.1546, 0.0130368, 0.28777, 0.191509, 44.6171, 
984.858, 655.417, 21.2597, 13.3581, 2.23647, 1.34045, 1.34004, 0.0736743, 957.455, 957.162, 52.6241, 14.1027, 26.527, 2.85458, 0.487009, 0.178447, 
0.0453452, 470.701, 172.472, 43.8268, -56.3191, 16.9197, 0.554088, -4.70999e+08, 1.14823e+08, 2.90641e+08, -1.9005e+12, 4.13054e+11, 1.23671e+12, 31.6145, 3.85803, 40.3443, 
262774, 257764, 691872, 8.97219e+08, 8.07357e+08, 2.98994e+09, 3.61322, 21.7458, 26.1389, 2.24651, 2.21219, 2.64088, 476.679, 469.397, 560.357, 40.3522, 
6.07079, 22.9147, 0.122942, 0.0834765, 0.2015, 491.412, 333.664, 805.415, 4.57444, 55.6168, 6.63785, -1363.86, -481.263, 1225.04, -70234.7, -26706.4, 
58999.4, -26.1487, 55.8269, 60.0157, -117943, 288859, -8922.38, -4.68139e+08, 1.19678e+09, -3.94424e+07, 16.1466, 32.4231, 54.0571, 0.206474, 0.0655978, 0.10824, 
481.806, 153.072, 252.578, 13.9529, 23.069, 20.3706, 0.0409586, 0.268026, 0.0402888, 132.274, 865.579, 130.111, 5.99706, 57.9229, 4.90285, 0.0382402, 
0.0205061, 0.0297821, 160.522, 86.0792, 125.017, 29.7958, 48.6659, 50.29, 0.610019, 3.00419, 1.67574, 182.178, 897.178, 500.447, 28.8185, 40.6718, 
5.95608, 1.06925, 1.09996, 0.221856, 954.663, 982.08, 198.081, -20.6123, -15.5422, -43.1281, -4.10215e+06, -4.20196e+06, -1.0347e+07, -9.24266e+08, -8.84733e+08, -2.93872e+09, 
1.26913, 25.73, 18.2508, 7.89922, 9.92549, 10.1896, 760.993, 956.2, 981.646, -37.7252, -53.1481, -25.5781, -2.60735e+12, -5.0012e+11, -1.35919e+12, -1.16152e+16, 
-1.68811e+15, -6.23141e+15, 31.2508, 44.4345, 9.00596, 0.0883709, 0.0806473, 0.015449, 375.705, 343.127, 65.1376, 53.5153, 19.7901, 55.2124, 0.109314, 0.131297, 
0.020431, 462.546, 555.565, 86.4512
