43.7992, 57.4395, 4.58533, 0.790242, 0.461923, 0.22745, 898.537, 525.225, 258.62, 23.513, 21.3915, 52.202, 8.112, -2.16292, -4.48939, 1341.69, 
-362.281, -748.205, 45.6584, -42.4798, 38.1106, 1.01805e+13, -3.643e+12, 5.98749e+12, 1.13363e+16, -3.33819e+15, 7.04228e+15, 0.92267, -22.479, 21.3763, 112496, -268135, 
48463.7, 4.85681e+08, -1.1003e+09, 1.75678e+08, 50.1027, 57.3274, 48.0866, 0.160529, 0.145651, 0.0801232, 774.093, 702.347, 386.365, 57.0206, 20.6136, 19.8223, 
0.152888, 0.187157, 0.209895, 643.039, 787.174, 882.808, 50.1288, 12.9393, 27.2027, 1.93635, 0.361754, 3.58228, 389.766, 72.8171, 721.074, 41.7774, 
29.371, 51.4821, 8.86828e+06, 2.81349e+07, 7.28504e+06, 1.56871e+10, 5.24801e+10, 1.25797e+10, 26.3974, 40.29, 56.053, 1.5738, 1.37559, 0.993003, 691.277, 604.214, 
436.167, 39.2308, 15.8625, 20.8405, 0.145463, 0.187202, 0.0303932, 541.007, 696.243, 113.038, 6.88241, -7.57796, 14.5688, 2.53709e+08, -1.30781e+08, 4.53198e+07, 
3.35369e+11, -1.57972e+11, 7.16051e+10, 38.7895, 11.0722, 20.423, 0.112564, 0.0275431, 0.204369, 492.567, 120.526, 894.3, 25.367, 53.2584, 55.6906, 0.146352, 
0.207899, 0.0801084, 615.51, 874.356, 336.91, 2.17449, 12.1667, 41.9738, -1339.09, -849.687, 1540.23, -2.38542e+06, -905573, 2.46167e+06, 10.9716, 20.184, 
42.1906, 0.660342, 0.677993, 0.190746, 473.312, 485.965, 136.72, 58.3146, 28.4153, 46.5056, 0.391982, 0.151073, 0.390572, 408.058, 148.448, 403.889, 
27.0411, 13.7404, 6.83417, 0.23336, 0.150461, 0.166829, 933.33, 601.772, 667.24, 52.1486, 60.0051, 59.369, 0.114658, 0.289088, 0.227148, 313.314, 
789.959, 620.7, 20.873, 23.894, 55.9112, -0.0281068, 0.390441, 0.421474, -105.166, 1375.36, 1487.2, 5.29341, 0.97329, 4.24524, 0.264333, 0.229921, 
0.31011, 575.456, 500.541, 675.113, 33.7436, 34.8717, 4.09151, 10.8051, 4.89273, 11.6235, 685.478, 310.397, 737.397, 12.3883, 13.9435, 2.39086, 
0.305853, 0.250338, 0.297887, 879.063, 719.506, 856.168, 42.7099, 33.2179, 41.1984, 0.223333, 0.111442, 0.0191582, 578.531, 288.685, 49.6282, -18.1864, 
1.77137, -30.4382, -1.18726e+08, 6.12004e+07, -2.12079e+07, -3.35369e+11, 1.57972e+11, -7.16051e+10, 26.8437, 27.6928, 6.00882, 0.485987, 0.0176252, 0.136469, 794.06, 28.7981, 
222.978, 8.48816, 41.8972, 36.2036, 0.64642, 0.350616, 0.00821132, 767.439, 416.257, 9.74861, 18.9737, 38.5226, 7.04065, 0.100684, 0.21242, 0.194474, 
386.972, 816.418, 747.445, 25.6772, 9.53572, 36.4485, 4.80093, -2.10062, -5.81441, 10710.9, -4665.72, -12353.3, -33.2559, 27.3244, -25.6513, -56173.6, 
133883, -317694, -2.63195e+08, 6.56218e+08, -1.48467e+09, 37.2514, 40.586, 34.4456, 0.00344808, 0.145213, 0.0671691, 16.8794, 710.862, 328.813, 3.7293, 32.4894, 
2.42406, 0.0823094, 0.572636, 0.442676, 96.7411, 674.492, 521.672, 42.4207, 48.7282, 17.217, 0.164236, 0.292751, 0.252585, 560.082, 998.344, 861.368, 
29.0839, 5.61486, 58.7504, 0.0815654, 0.00204566, 0.154712, 225.945, 3.23678, 429.536, 36.2077, 20.395, 33.5609, 0.0397444, 0.235838, 0.209024, 106.203, 
630.194, 558.542, 49.9196, -50.4604, 40.1253, 71200, -169696, 402678, 2.63195e+08, -6.56217e+08, 1.48467e+09, 38.2304, 10.4601, 41.0387, 0.456575, 0.430323, 
0.254267, 976.107, 919.983, 543.596, 25.4805, 21.4416, 28.6929, 0.158232, 0.188291, 0.00257956, 657.954, 782.946, 10.7262, 25.9943, 55.3347, 41.383, 
3.89019, -1.44048, -17.6808, 2785.51, -1377.27, -13467.9, 52.5414, 44.7012, 47.2627, 0.269498, 0.143776, 0.0502833, 845.32, 458.806, 161.706, 54.48, 
7.74574, 10.4877, 0.172275, 0.140488, 0.206283, 761.372, 620.889, 911.675, 45.3737, 15.3071, 34.4304, 0.0596589, 0.0104967, 0.0858761, 100.787, 17.733, 
145.078, 47.0293, 56.6084, 54.564, 1.72123, 1.61615, 0.200054, 695.519, 653.057, 80.8383, 13.4277, 34.374, 58.4759, 0.760532, 0.639848, 0.121097, 
956.89, 805.046, 152.362, 8.66032, 42.9973, 3.83286, 0.791978, 0.776296, 0.547418, 518.183, 507.922, 358.17, 41.2311, 15.9993, 5.74434, 0.0800395, 
0.193225, 0.140272, 337.595, 814.996, 591.648, 16.9246, 40.2285, 28.2499, 0.13084, 0.209789, 0.20556, 614.237, 984.871, 965.017, 52.0695, 5.42549, 
42.184, 0.280303, 0.329962, 0.154443, 480.388, 565.494, 264.687, 55.8262, 16.1577, 48.6992, 0.899184, 0.222678, 0.295215, 879.734, 217.862, 288.83, 
19.2109, 18.5019, 28.5134, 0.129715, 0.313978, 0.0351797, 308.716, 747.254, 83.726, 14.3174, 31.6013, 37.6708, 0.122332, 0.265476, 0.0628045, 410.367, 
890.549, 210.68, 37.1381, 36.0886, 56.5317, 0.0538404, 0.150384, 0.067274, 250.159, 698.731, 312.576, 34.2681, 52.4085, 37.3868, 0.175533, 0.220575, 
0.103476, 767.525, 964.47, 452.45, 36.3899, 4.84593, 10.4982, 0.101561, 0.130226, 0.14523, 435.701, 558.676, 623.045, -55.2656, -12.88, -14.6515, 
-1.82541e+08, -5.79118e+08, -1.49952e+08, -1.56871e+10, -5.24801e+10, -1.25797e+10, 48.4619, 56.0896, 57.2079, 3.17588e+08, 3.90834e+07, 7.9148e+07, 9.60669e+11, 1.39705e+11, 2.3098e+11, 41.9372, 
34.3148, 45.543, 0.0991306, 0.269173, 0.229941, 177.132, 480.973, 410.871, 23.949, -53.3616, -35.3461, 3.45672e+08, -2.48916e+08, -7.18228e+08, 9.48835e+11, -6.64751e+11, 
-1.94324e+12, 58.8874, 12.4511, 33.0772, 0.189705, 0.340526, 0.224988, 463.33, 831.694, 549.505, 59.2762, 53.8515, 10.9071, 0.206947, 0.101835, 0.194673, 
959.575, 472.19, 902.662, 42.0203, 42.8259, 19.2961, 0.0899666, 0.129266, 0.242922, 294.924, 423.751, 796.334, 17.5996, 43.8868, 6.11722, 0.172035, 
0.0266747, 0.118069, 802.402, 124.416, 550.696, 21.7037, -42.4163, 50.6443, 1.85843e+07, -1.81759e+08, 1.53497e+08, 5.99145e+10, -5.5576e+11, 4.81692e+11, 7.8711, 24.7729, 
23.0314, 0.454287, 0.530361, 0.0213969, 820.013, 957.329, 38.6225, 59.4983, 46.7065, 50.4805, 0.210744, 0.216028, 0.182484, 270.207, 276.982, 233.974, 
58.7465, 25.8985, 30.901, 3.37945, 0.362436, 7.4908, 343.264, 36.814, 760.868, 19.1265, 1.81624, 9.63016, 0.0748793, 0.294242, 0.11818, 219.486, 
862.483, 346.408, 37.1896, 42.8065, 54.9115, 0.183606, 0.0397669, 0.0920769, 708.799, 153.518, 355.458, 1.01447, 38.7015, 16.7321, 0.166177, 0.078708, 
0.200177, 827.701, 392.032, 997.052, 31.9031, 54.1238, 13.5568, -12.3727, 2.80558, -10.5947, -43951.3, 10590.3, -37561.9, 37.2972, 29.2044, 48.863, 
1.02357, 0.615532, 1.27413, 509.192, 306.207, 633.841, 21.2488, 57.7317, 23.1451, 0.0450696, 0.0473669, 0.424354, 58.9647, 61.9702, 555.184, -43.3113, 
22.9903, -59.916, -1.38259e+07, 1.35308e+08, -1.14267e+08, -5.98853e+10, 5.55822e+11, -4.81734e+11, 46.1965, 7.31419, 24.9493, 0.568897, 0.812502, 0.237564, 652.212, 931.492, 
272.355, 20.2257, 47.0049, 21.1441, 0.188632, 0.0794434, 0.0704494, 815.599, 343.494, 304.606, 4.98438, 53.0089, 47.4572, 0.129621, 0.0872797, 0.165483, 
573.158, 385.935, 731.736, 18.5171, 30.8086, 59.1908, 0.0432863, 0.106256, 0.152423, 201.154, 493.78, 708.319, 47.0217, 49.2891, 36.4779, 1.23761, 
4.4127, 1.75042, 254.545, 907.579, 360.016, 54.528, 48.2756, 37.446, 0.0437505, 0.19717, 0.11473, 162.249, 731.207, 425.477, 30.9711, 57.6981, 
27.4331, 0.563787, 0.306043, 0.684249, 795.584, 432.161, 965.251, 5.94097, 34.7074, 59.5015, 0.916375, 1.1229, 0.660336, 787.464, 964.936, 567.443, 
35.6352, 36.4636, 56.2108, 0.367517, 0.470219, 0.109947, 598.633, 765.921, 179.088, 59.3181, 5.44849, 50.1661, 0.0130368, 0.28777, 0.191509, 44.6171, 
984.858, 655.417, 21.3402, 13.4385, 2.24089, 1.34045, 1.34004, 0.0736743, 957.455, 957.162, 52.6241, 14.1319, 26.5377, 2.8573, 0.487009, 0.178447, 
0.0453452, 470.701, 172.472, 43.8268, -12.5639, 42.8884, 1.49552, -4.58573e+08, 1.36591e+08, 4.18432e+08, -1.9095e+12, 5.25047e+11, 1.71226e+12, 30.3361, -14.884, 32.8727, 
4823.92, -200879, 597996, 3.68193e+07, -9.78939e+08, 2.24163e+09, 3.74801, 21.8786, 26.2973, 2.24651, 2.21219, 2.64088, 476.679, 469.397, 560.357, 40.3596, 
6.0758, 22.9268, 0.122942, 0.0834765, 0.2015, 491.412, 333.664, 805.415, 10.085, 21.8807, 42.9615, -3240.03, -444.69, 3037.78, -171089, -24962.6, 
151978, -53.78, 1.32419, -34.4224, -110125, 262506, -47437.4, -4.85636e+08, 1.10029e+09, -1.75639e+08, 16.159, 32.4271, 54.0636, 0.206474, 0.0655978, 0.10824, 
481.806, 153.072, 252.578, 13.9553, 23.0851, 20.373, 0.0409586, 0.268026, 0.0402888, 132.274, 865.579, 130.111, 5.99936, 57.9241, 4.90464, 0.0382402, 
0.0205061, 0.0297821, 160.522, 86.0792, 125.017, 29.8324, 48.8462, 50.3906, 0.610019, 3.00419, 1.67574, 182.178, 897.178, 500.447, 28.8827, 40.7378, 
5.96939, 1.06925, 1.09996, 0.221856, 954.663, 982.08, 198.081, -7.00702, 23.9262, -12.1466, -187511, 2.82811e+06, -8.93161e+06, -6.58096e+07, 9.17184e+08, -2.19956e+09, 
1.74308, 26.3255, 18.8621, 7.89922, 9.92549, 10.1896, 760.993, 956.2, 981.646, -30.6721, 47.7864, -27.0909, -2.20836e+12, 7.90243e+11, -1.29881e+12, -1.13363e+16, 
3.33819e+15, -7.04228e+15, 31.2561, 44.4393, 9.00685, 0.0887434, 0.080894, 0.0144977, 377.392, 343.804, 61.2592, 53.5218, 19.798, 55.2136, 0.109314, 0.131297, 
0.020431, 462.546, 555.565, 86.4512
