43.8466, 57.4672, 4.59898, 0.790242, 0.461923, 0.22745, 898.537, 525.225, 258.62, 24.0547, 21.2114, 51.8578, 9.87932, -3.75228, -6.86382, 1633.92, 
-624.366, -1139.91, 14.2754, 44.6159, 23.3153, 2.04653e+13, 4.33776e+12, 8.71503e+12, 2.15134e+16, 4.07442e+15, 9.10991e+15, 56.0664, -50.7207, 0.439296, 112216, -336124, 
42970, 4.35501e+08, -1.34487e+09, 1.77103e+08, 50.1123, 57.3361, 48.0914, 0.160529, 0.145651, 0.0801232, 774.093, 702.347, 386.365, 57.0298, 20.6249, 19.8349, 
0.152888, 0.187157, 0.209895, 643.039, 787.174, 882.808, 50.245, 12.961, 27.4177, 1.93635, 0.361754, 3.58228, 389.766, 72.8171, 721.074, 52.8284, 
18.595, 17.2939, 9.52303e+06, 3.32011e+07, 9.8685e+06, 1.70164e+10, 6.05512e+10, 1.85641e+10, 26.4918, 40.3725, 56.1126, 1.5738, 1.37559, 0.993003, 691.277, 604.214, 
436.167, 39.2395, 15.8738, 20.8423, 0.145463, 0.187202, 0.0303932, 541.007, 696.243, 113.038, 51.1848, -43.124, 40.912, 2.5406e+08, -1.9478e+08, 1.29332e+08, 
3.09646e+11, -2.52679e+11, 1.59625e+11, 30.0608, 18.5622, 38.8909, 116493, 22041.5, 25494.7, 5.47418e+08, 1.73317e+08, 1.12533e+08, 25.3758, 53.2708, 55.6954, 0.146352, 
0.207899, 0.0801084, 615.51, 874.356, 336.91, 9.21239, 59.8259, 18.0711, 2414.69, 210.79, -726.074, 4.63219e+06, 345972, -789003, 11.0113, 20.2247, 
42.202, 0.660342, 0.677993, 0.190746, 473.312, 485.965, 136.72, 58.3385, 28.4245, 46.5295, 0.378451, 0.157098, 0.400303, 389.077, 167.239, 410.13, 
27.0551, 13.7495, 6.84418, 0.23336, 0.150461, 0.166829, 933.33, 601.772, 667.24, -9.76068, 36.2126, 30.6914, -61008.6, 7637.38, -11115.2, -1.80372e+08, 
1.58822e+07, -4.07825e+07, 20.8687, 23.9198, 55.94, -0.111059, 0.465041, 0.532922, -397.397, 1637.44, 1878.91, 5.30927, 0.987085, 4.26385, 0.264333, 0.229921, 
0.31011, 575.456, 500.541, 675.113, 34.3919, 35.1653, 4.78892, 10.8051, 4.89273, 11.6235, 685.478, 310.397, 737.397, 12.4066, 13.9585, 2.40874, 
0.305853, 0.250338, 0.297887, 879.063, 719.506, 856.168, 42.7233, 33.2246, 41.1996, 0.223333, 0.111442, 0.0191582, 578.531, 288.685, 49.6282, -8.66921, 
42.3035, -31.1647, -1.1889e+08, 9.11493e+07, -6.05222e+07, -3.09646e+11, 2.52679e+11, -1.59625e+11, 26.8728, 27.6938, 6.01701, 0.485987, 0.0176252, 0.136469, 794.06, 28.7981, 
222.978, 8.52694, 41.9183, 36.2041, 0.64642, 0.350616, 0.00821132, 767.439, 416.257, 9.74861, 18.9797, 38.5353, 7.05232, 0.100684, 0.21242, 0.194474, 
386.972, 816.418, 747.445, 25.9696, 9.33688, 36.1077, 5.22339, -4.19327, -6.23982, 11615.2, -9302.65, -13782.5, 10.88, 56.6398, -29.4187, 26807.3, 
233279, -409055, 1.88689e+08, 1.06049e+09, -1.83665e+09, 37.2516, 40.5947, 34.4496, 0.00344808, 0.145213, 0.0671691, 16.8794, 710.862, 328.813, 3.73424, 32.5239, 
2.45069, 0.082721, 0.575844, 0.443344, 97.6241, 678.263, 521.873, 42.4305, 48.7458, 17.2322, 0.164236, 0.292751, 0.252585, 560.082, 998.344, 861.368, 
29.0889, 5.61436, 58.7598, 0.0831879, -0.0117972, 0.156414, 226.75, -34.9793, 427.595, 36.21, 20.4091, 33.5734, 0.0397444, 0.235838, 0.209024, 106.203, 
630.194, 558.542, -2.2581, -28.87, 46.8995, -33977.5, -295683, 518478, -1.88684e+08, -1.0605e+09, 1.83665e+09, 38.2578, 10.4859, 41.054, 0.456575, 0.430323, 
0.254267, 976.107, 919.983, 543.596, 25.49, 21.4529, 28.693, 0.158232, 0.188291, 0.00257956, 657.954, 782.946, 10.7262, 26.352, 55.092, 40.215, 
6.52256, -4.4082, -20.6479, 4609.22, -3169.15, -15691.8, 52.5572, 44.7109, 47.2658, 0.257768, 0.15764, 0.0582426, 815.476, 502.466, 189.318, 54.4903, 
7.75417, 10.5001, 0.172275, 0.140488, 0.206283, 761.372, 620.889, 911.675, 45.3773, 15.3078, 34.4355, 0.0596589, 0.0104967, 0.0858761, 100.787, 17.733, 
145.078, 47.1326, 56.7054, 54.576, 1.72123, 1.61615, 0.200054, 695.519, 653.057, 80.8383, 13.4733, 34.4124, 58.4832, 0.760532, 0.639848, 0.121097, 
956.89, 805.046, 152.362, 8.70784, 43.0438, 3.86571, 0.791978, 0.776296, 0.547418, 518.183, 507.922, 358.17, 41.2359, 16.0109, 5.75276, 0.0800395, 
0.193225, 0.140272, 337.595, 814.996, 591.648, 16.9324, 40.2411, 28.2623, 0.13084, 0.209789, 0.20556, 614.237, 984.871, 965.017, 52.0863, 5.44528, 
42.1932, 0.280189, 0.329403, 0.154857, 479.994, 563.576, 266.103, 55.8801, 16.171, 48.7169, 0.899184, 0.222678, 0.295215, 879.734, 217.862, 288.83, 
19.2187, 18.5207, 28.5155, 0.129715, 0.313978, 0.0351797, 308.716, 747.254, 83.726, 14.3247, 31.6172, 37.6746, 0.122332, 0.265476, 0.0628045, 410.367, 
890.549, 210.68, 37.1413, 36.0976, 56.5357, 0.0538404, 0.150384, 0.067274, 250.159, 698.731, 312.576, 34.2786, 52.4218, 37.393, 0.175533, 0.220575, 
0.103476, 767.525, 964.47, 452.45, 36.396, 4.85375, 10.5069, 0.101561, 0.130226, 0.14523, 435.701, 558.676, 623.045, -48.3614, -42.0793, -35.274, 
-1.96018e+08, -6.83399e+08, -2.03129e+08, -1.70164e+10, -6.05512e+10, -1.85641e+10, 57.0075, 58.9419, 57.0642, 2.70432e+08, 1.09086e+08, 1.78661e+08, 8.1936e+11, 2.94973e+11, 5.48317e+11, 41.9431, 
34.3309, 45.5568, 0.0991306, 0.269173, 0.229941, 177.132, 480.973, 410.871, 24.2692, -34.1719, -22.2318, 4.03608e+08, -2.88229e+08, -6.31777e+08, 1.10016e+12, -8.19965e+11, 
-1.73799e+12, 58.8988, 12.4716, 33.0907, 0.189705, 0.340526, 0.224988, 463.33, 831.694, 549.505, 59.2887, 53.8576, 10.9188, 0.206947, 0.101835, 0.194673, 
959.575, 472.19, 902.662, 42.0257, 42.8336, 19.3107, 0.0899666, 0.129266, 0.242922, 294.924, 423.751, 796.334, 17.6099, 43.8884, 6.1243, 0.172035, 
0.0266747, 0.118069, 802.402, 124.416, 550.696, -9.82892, -34.4682, 35.566, -6.0293e+06, -8.60407e+07, 1.45739e+08, -3.05117e+10, -2.79536e+11, 4.7261e+11, 7.89836, 24.8047, 
23.0327, 0.454287, 0.530361, 0.0213969, 820.013, 957.329, 38.6225, 59.511, 46.7195, 50.4914, 0.210744, 0.216028, 0.182484, 270.207, 276.982, 233.974, 
58.9493, 25.9202, 31.3505, 3.37945, 0.362436, 7.4908, 343.264, 36.814, 760.868, 6.74207, 57.9892, 28.5696, -1548.99, -115.648, 1137.34, -5.83336e+06, 
-231655, 2.67925e+06, 37.2006, 42.8089, 54.917, 0.183606, 0.0397669, 0.0920769, 708.799, 153.518, 355.458, 1.02444, 38.7062, 16.7441, 0.166177, 0.078708, 
0.200177, 827.701, 392.032, 997.052, 31.045, 54.1586, 13.0631, -15.4035, 0.576846, -10.3204, -53508.1, 1756.88, -37563.7, 37.3586, 29.2413, 48.9395, 
1.02357, 0.615532, 1.27413, 509.192, 306.207, 633.841, 21.2515, 57.7345, 23.1706, 0.0450696, 0.0473669, 0.424354, 58.9647, 61.9702, 555.184, 34.6433, 
58.1531, -21.2533, 4.50391e+06, 6.40701e+07, -1.08493e+08, 3.058e+10, 2.79639e+11, -4.72658e+11, 46.2306, 7.36294, 24.9635, 0.568897, 0.812502, 0.237564, 652.212, 931.492, 
272.355, 20.237, 47.0096, 21.1483, 0.188632, 0.0794434, 0.0704494, 815.599, 343.494, 304.606, 4.99216, 53.0141, 47.4671, 0.129621, 0.0872797, 0.165483, 
573.158, 385.935, 731.736, 18.5197, 30.815, 59.1999, 0.0432863, 0.106256, 0.152423, 201.154, 493.78, 708.319, 47.096, 49.5539, 36.5829, 1.23761, 
4.4127, 1.75042, 254.545, 907.579, 360.016, 54.5306, 48.2875, 37.4529, 0.0437505, 0.19717, 0.11473, 162.249, 731.207, 425.477, 31.0046, 57.7169, 
27.4738, 0.558979, 0.309872, 0.675919, 786.714, 436.821, 951.987, 5.99595, 34.7748, 59.5411, 0.916375, 1.1229, 0.660336, 787.464, 964.936, 567.443, 
35.6573, 36.4919, 56.2174, 0.367517, 0.470219, 0.109947, 598.633, 765.921, 179.088, 59.3189, 5.46576, 50.1776, 0.0130368, 0.28777, 0.191509, 44.6171, 
984.858, 655.417, 21.4206, 13.5189, 2.24531, 1.34045, 1.34004, 0.0736743, 957.455, 957.162, 52.6241, 14.1611, 26.5484, 2.86002, 0.487009, 0.178447, 
0.0453452, 470.701, 172.472, 43.8268, -58.9629, 1.4568, 39.6064, -4.62805e+08, 1.12003e+08, 2.89229e+08, -1.91934e+12, 5.24976e+11, 1.18971e+12, -10.1492, -18.4516, 53.2536, 
-106286, -168680, 883562, -3.83262e+08, -6.98279e+08, 3.4217e+09, 3.8828, 22.0113, 26.4558, 2.24651, 2.21219, 2.64088, 476.679, 469.397, 560.357, 40.367, 
6.08081, 22.9389, 0.122942, 0.0834765, 0.2015, 491.412, 333.664, 805.415, -50.3937, -33.75, -42.8956, -9.61211e+06, -1.82004e+06, -2.09913e+06, -5.47627e+08, -1.73433e+08, 
-1.12353e+08, -17.0403, 28.8296, -13.0479, -109848, 329070, -42059.2, -4.35446e+08, 1.34487e+09, -1.77064e+08, 16.1714, 32.431, 54.0701, 0.206474, 0.0655978, 0.10824, 
481.806, 153.072, 252.578, 13.9578, 23.1012, 20.3754, 0.0409586, 0.268026, 0.0402888, 132.274, 865.579, 130.111, 6.00165, 57.9254, 4.90642, 0.0382402, 
0.0205061, 0.0297821, 160.522, 86.0792, 125.017, 29.869, 49.0264, 50.4911, 0.610019, 3.00419, 1.67574, 182.178, 897.178, 500.447, 28.9469, 40.8038, 
5.9827, 1.06925, 1.09996, 0.221856, 954.663, 982.08, 198.081, 21.0214, 45.0514, -52.0095, 1.37234e+06, 2.17904e+06, -1.32745e+07, 3.15179e+08, 5.95253e+08, -3.3737e+09, 
2.21703, 26.9211, 19.4735, 7.89922, 9.92549, 10.1896, 760.993, 956.2, 981.646, -21.2053, -5.71571, -42.1193, -4.43934e+12, -9.4095e+11, -1.89047e+12, -2.15134e+16, 
-4.07442e+15, -9.10991e+15, 31.2615, 44.4442, 9.00771, 0.0884816, 0.0814564, 0.0146927, 375.872, 346.051, 62.9378, 53.5284, 19.8059, 55.2149, 0.109314, 0.131297, 
0.020431, 462.546, 555.565, 86.4512
