43.894, 57.495, 4.61263, 0.790242, 0.461923, 0.22745, 898.537, 525.225, 258.62, 24.7137, 20.9314, 51.3629, 12.0148, -5.49653, -9.51017, 1987.06, 
-912.206, -1576.77, 27.3754, 27.087, 42.8713, 2.68859e+13, 2.43594e+11, 1.27562e+13, 2.7815e+16, 8.04598e+14, 1.23851e+16, 57.6421, -34.3496, 55.9266, 169057, -345469, 
-293.07, 6.58189e+08, -1.40304e+09, -3.2257e+07, 50.122, 57.3449, 48.0962, 0.160529, 0.145651, 0.0801232, 774.093, 702.347, 386.365, 57.039, 20.6361, 19.8475, 
0.152888, 0.187157, 0.209895, 643.039, 787.174, 882.808, 50.3612, 12.9828, 27.6326, 1.93635, 0.361754, 3.58228, 389.766, 72.8171, 721.074, 3.08728, 
7.14248, 32.4464, 1.15968e+07, 3.30203e+07, 1.35537e+07, 2.09902e+10, 6.13131e+10, 2.55811e+10, 26.4746, 40.424, 56.134, -26.3422, -6.38619, -8.53942, -23832.4, -6214.36, 
-7937.89, 39.2483, 15.885, 20.8442, 0.145463, 0.187202, 0.0303932, 541.007, 696.243, 113.038, 34.3824, -43.2215, 55.9552, 2.9045e+08, -2.72401e+08, 1.65283e+08, 
3.60604e+11, -3.65124e+11, 1.97167e+11, 13.4532, -27.3425, 6.60803, 81544.4, -39909.2, 114328, 4.16086e+08, -1.15302e+08, 4.41285e+08, 25.3845, 53.2833, 55.7002, 0.146352, 
0.207899, 0.0801084, 615.51, 874.356, 336.91, 39.1342, 27.4803, 51.8535, -5215.47, 1001.28, 19149.9, -4.90891e+06, 84172.3, 2.84592e+07, 11.0509, 20.2654, 
42.2135, 0.660342, 0.677993, 0.190746, 473.312, 485.965, 136.72, -22.5538, 52.5506, -6.10386, -5.31036e+07, 3.6667e+07, -7.60079e+06, -1.08715e+11, 7.50659e+10, -1.55606e+10, 
27.0691, 13.7585, 6.85419, 0.23336, 0.150461, 0.166829, 933.33, 601.772, 667.24, -23.3572, 10.5748, 23.7507, -50183.9, 35337.8, 7868.69, -1.2867e+08, 
8.70489e+07, 2.41657e+07, 20.8589, 23.9502, 55.9758, -0.211294, 0.546911, 0.657134, -750.536, 1925.28, 2315.77, 5.32513, 1.00088, 4.28245, 0.264333, 0.229921, 
0.31011, 575.456, 500.541, 675.113, 35.0402, 35.4588, 5.48632, 10.8051, 4.89273, 11.6235, 685.478, 310.397, 737.397, 13.3504, 15.0287, 2.46208, 
231.658, 264.059, 9.16454, 1.33075e+06, 1.51716e+06, 51824.1, 42.7367, 33.2313, 41.2007, 0.223333, 0.111442, 0.0191582, 578.531, 288.685, 49.6282, -0.319845, 
8.73246, -46.4741, -1.35919e+08, 1.27473e+08, -7.73462e+07, -3.60604e+11, 3.65124e+11, -1.97167e+11, 26.902, 27.6949, 6.0252, 0.485987, 0.0176252, 0.136469, 794.06, 28.7981, 
222.978, 8.56658, 41.9388, 36.2043, 0.691805, 0.312865, -0.0137029, 823.426, 366.796, -20.0229, 18.9858, 38.5481, 7.06399, 0.100684, 0.21242, 0.194474, 
386.972, 816.418, 747.445, 26.3219, 9.11376, 35.7676, 5.64622, -3.028, -4.96923, 11712, -6218.99, -10514.4, 20.4545, 26.7304, -46.0952, 15516.9, 
17988.4, -376960, 6.33268e+06, 1.52143e+08, -1.64624e+09, 37.2518, 40.6035, 34.4536, 0.00344808, 0.145213, 0.0671691, 16.8794, 710.862, 328.813, 3.7392, 32.5584, 
2.47734, 0.0818861, 0.574824, 0.444744, 96.2504, 676.842, 523.627, 42.4404, 48.7634, 17.2473, 0.164236, 0.292751, 0.252585, 560.082, 998.344, 861.368, 
29.0938, 5.61384, 58.7694, 0.0853705, -0.00694116, 0.160767, 236.678, -15.7611, 440.555, 36.2124, 20.4233, 33.5859, 0.0397444, 0.235838, 0.209024, 106.203, 
630.194, 558.542, -14.2225, -47.1488, 45.0755, -19559.5, -22798.3, 477874, -5.98131e+06, -1.52188e+08, 1.64652e+09, 38.2852, 10.5118, 41.0692, 0.456575, 0.430323, 
0.254267, 976.107, 919.983, 543.596, 25.4995, 21.4642, 28.6932, 0.158232, 0.188291, 0.00257956, 657.954, 782.946, 10.7262, 26.7226, 54.8581, 38.9425, 
5.01445, -4.97182, -20.8945, 3697.79, -3786.15, -15821.8, 52.5724, 44.7208, 47.2688, 0.246847, 0.168634, 0.0450756, 774.179, 533.468, 136.218, 54.5007, 
7.76259, 10.5125, 0.172275, 0.140488, 0.206283, 761.372, 620.889, 911.675, 45.3809, 15.3084, 34.4407, 0.0596589, 0.0104967, 0.0858761, 100.787, 17.733, 
145.078, 47.2358, 56.8024, 54.588, 1.72123, 1.61615, 0.200054, 695.519, 653.057, 80.8383, 13.519, 34.4508, 58.4905, 0.760532, 0.639848, 0.121097, 
956.89, 805.046, 152.362, 8.75536, 43.0904, 3.89855, 0.791978, 0.776296, 0.547418, 518.183, 507.922, 358.17, 41.2407, 16.0224, 5.76118, 0.0800395, 
0.193225, 0.140272, 337.595, 814.996, 591.648, 16.9403, 40.2537, 28.2746, 0.13084, 0.209789, 0.20556, 614.237, 984.871, 965.017, 52.1041, 5.46381, 
42.2028, 0.303432, 0.306562, 0.16561, 522.454, 523.321, 285.488, 55.9341, 16.1844, 48.7346, 0.899184, 0.222678, 0.295215, 879.734, 217.862, 288.83, 
19.2265, 18.5396, 28.5176, 0.129715, 0.313978, 0.0351797, 308.716, 747.254, 83.726, 14.3321, 31.6331, 37.6784, 0.122332, 0.265476, 0.0628045, 410.367, 
890.549, 210.68, 37.1446, 36.1066, 56.5397, 0.0538404, 0.150384, 0.067274, 250.159, 698.731, 312.576, 34.2892, 52.435, 37.3992, 0.175533, 0.220575, 
0.103476, 767.525, 964.47, 452.45, 36.4021, 4.86156, 10.5156, 0.101561, 0.130226, 0.14523, 435.701, 558.676, 623.045, -50.0379, -19.4879, -50.3632, 
-2.38703e+08, -6.79676e+08, -2.78984e+08, -2.09902e+10, -6.1313e+10, -2.55811e+10, 45.0125, 57.6068, 3.13071, 1.55998e+08, 1.4801e+08, 1.0223e+08, 4.39289e+11, 4.55492e+11, 2.80967e+11, 41.9491, 
34.3471, 45.5706, 0.0991306, 0.269173, 0.229941, 177.132, 480.973, 410.871, 24.8949, -24.6738, -47.3466, 2.79381e+08, -2.36457e+08, -6.25401e+08, 7.70102e+11, -6.2424e+11, 
-1.66275e+12, 58.9102, 12.492, 33.1042, 0.189705, 0.340526, 0.224988, 463.33, 831.694, 549.505, 59.3011, 53.8637, 10.9305, 0.206947, 0.101835, 0.194673, 
959.575, 472.19, 902.662, 42.0311, 42.8414, 19.3253, 0.0899666, 0.129266, 0.242922, 294.924, 423.751, 796.334, 17.6202, 43.89, 6.13139, 0.172035, 
0.0266747, 0.118069, 802.402, 124.416, 550.696, -4.09768, -21.7358, 45.0434, -7.96386e+07, -8.87902e+07, 1.11891e+08, -2.35409e+11, -2.82623e+11, 3.09821e+11, 7.92562, 24.8366, 
23.034, 0.454287, 0.530361, 0.0213969, 820.013, 957.329, 38.6225, 59.5236, 46.7324, 50.5024, 0.210744, 0.216028, 0.182484, 270.207, 276.982, 233.974, 
59.1521, 25.942, 31.7999, 3.37945, 0.362436, 7.4908, 343.264, 36.814, 760.868, 19.1541, 16.9406, 24.6206, 2000.24, 534.112, -8995.37, 3.24721e+06, 
2.85745e+06, -2.59718e+07, 37.2117, 42.8112, 54.9225, 0.183606, 0.0397669, 0.0920769, 708.799, 153.518, 355.458, 1.03441, 38.7109, 16.7561, 0.166177, 0.078708, 
0.200177, 827.701, 392.032, 997.052, 30.1235, 54.3466, 12.4542, -17.5978, 3.45788, -8.52279, -59679.1, 10603.8, -30045.6, 37.4201, 29.2782, 49.0159, 
1.02357, 0.615532, 1.27413, 509.192, 306.207, 633.841, 21.2542, 57.7374, 23.1961, 0.0450696, 0.0473669, 0.424354, 58.9647, 61.9702, 555.184, 1.15508, 
6.94483, -15.0686, 5.92925e+07, 6.61145e+07, -8.3295e+07, 2.35461e+11, 2.82718e+11, -3.09858e+11, 46.2647, 7.41169, 24.9778, 0.568897, 0.812502, 0.237564, 652.212, 931.492, 
272.355, 20.2483, 47.0144, 21.1525, 0.188632, 0.0794434, 0.0704494, 815.599, 343.494, 304.606, 4.99994, 53.0193, 47.477, 0.129621, 0.0872797, 0.165483, 
573.158, 385.935, 731.736, 18.5223, 30.8214, 59.2091, 0.0432863, 0.106256, 0.152423, 201.154, 493.78, 708.319, 47.1703, 49.8187, 36.6879, 1.23761, 
4.4127, 1.75042, 254.545, 907.579, 360.016, 54.5333, 48.2993, 37.4598, 0.0437505, 0.19717, 0.11473, 162.249, 731.207, 425.477, 31.0377, 57.7357, 
27.5147, 0.552186, 0.323822, 0.680119, 782.001, 456.931, 957.548, 6.05094, 34.8422, 59.5808, 0.916562, 1.12309, 0.660092, 787.639, 965.109, 567.214, 
35.6793, 36.5201, 56.224, 0.367517, 0.470219, 0.109947, 598.633, 765.921, 179.088, 59.3197, 5.48303, 50.1891, 0.0130368, 0.28777, 0.191509, 44.6171, 
984.858, 655.417, 21.501, 13.5993, 2.24973, 1.34045, 1.34004, 0.0736743, 957.455, 957.162, 52.6241, 14.1903, 26.5591, 2.86274, 0.487009, 0.178447, 
0.0453452, 470.701, 172.472, 43.8268, -57.4003, 39.1299, 48.4213, -2.84526e+08, 4.03898e+07, 3.42159e+08, -1.10055e+12, 9.359e+10, 1.39732e+12, -17.3506, -17.6256, 18.8238, 
-577414, -215545, 1.12101e+06, -2.29064e+09, -9.69438e+08, 4.75343e+09, 4.01759, 22.144, 26.6142, 2.24651, 2.21219, 2.64088, 476.679, 469.397, 560.357, 40.3743, 
6.08582, 22.951, 0.122942, 0.0834765, 0.2015, 491.412, 333.664, 805.415, -9.6621, 21.3854, -46.841, -6.72875e+06, 3.2911e+06, -9.42647e+06, -4.16243e+08, 1.15275e+08, 
-4.41127e+08, -55.572, 32.2704, 44.9727, -165494, 338216, 294.416, -6.58128e+08, 1.40303e+09, 3.22888e+07, 16.1838, 32.4349, 54.0766, 0.206474, 0.0655978, 0.10824, 
481.806, 153.072, 252.578, 13.9602, 23.1173, 20.3778, 0.0409586, 0.268026, 0.0402888, 132.274, 865.579, 130.111, 6.00395, 57.9266, 4.90821, 0.0382402, 
0.0205061, 0.0297821, 160.522, 86.0792, 125.017, 29.9056, 49.2067, 50.5916, 0.610019, 3.00419, 1.67574, 182.178, 897.178, 500.447, 29.011, 40.8698, 
5.99601, 1.06925, 1.09996, 0.221853, 954.657, 982.072, 198.074, 29.0747, 31.9583, -23.0404, 8.58162e+06, 2.92537e+06, -1.69284e+07, 2.23833e+09, 8.74791e+08, -4.71713e+09, 
2.69099, 27.5166, 20.0849, 7.89922, 9.92549, 10.1896, 760.993, 956.2, 981.646, -47.4431, -40.5398, -46.9585, -5.83211e+12, -5.28407e+10, -2.76708e+12, -2.7815e+16, 
-8.04598e+14, -1.23851e+16, 31.2667, 44.449, 9.00861, 0.0880873, 0.0805185, 0.0148834, 375.146, 342.149, 63.6807, 53.5349, 19.8138, 55.2161, 0.109314, 0.131297, 
0.020431, 462.546, 555.565, 86.4512
