43.088, 57.0238, 4.38063, 0.790242, 0.461923, 0.22745, 898.537, 525.225, 258.62, 19.3246, 19.169, 50.3292, 4.15912, 3.36936, 3.32084, 684.509, 
554.531, 546.545, 43.9575, 39.7148, 52.2435, 0.0183893, 0.145654, 0.677384, 18.7903, 148.83, 692.154, -44.2254, 3.66385, 5.31966, -41326.9, -4932.22, 
-16811.3, -1.68529e+08, 3.80484e+06, -9.67515e+07, 49.9582, 57.1963, 48.0145, 0.160529, 0.145651, 0.0801232, 774.093, 702.347, 386.365, 56.883, 20.4452, 19.6334, 
0.152888, 0.187157, 0.209895, 643.039, 787.174, 882.808, 48.3861, 12.6138, 23.9787, 1.93635, 0.361754, 3.58228, 389.766, 72.8171, 721.074, 31.9273, 
27.1197, 13.4517, -16511.5, -5207.6, 23126.6, -6.07815e+07, -1.91832e+07, 8.51215e+07, 24.981, 39.0519, 55.1593, 1.5738, 1.37559, 0.993003, 691.277, 604.214, 
436.167, 39.0999, 15.694, 20.8132, 0.145463, 0.187202, 0.0303932, 541.007, 696.243, 113.038, 9.47133, 2.53693, 7.63206, 0.655738, 0.655304, 0.288989, 
856.3, 856.253, 377.51, 38.6882, 11.0475, 20.2391, 0.112564, 0.0275431, 0.204369, 492.567, 120.526, 894.3, 25.2353, 53.0713, 55.6185, 0.146352, 
0.207899, 0.0801084, 615.51, 874.356, 336.91, 23.7867, 49.4978, 56.0814, 0.168535, 0.0460832, 0.269257, 252.974, 69.1717, 404.159, 10.3773, 19.5738, 
42.0189, 0.660342, 0.677993, 0.190746, 473.312, 485.965, 136.72, 58.0312, 28.3838, 46.218, 0.296818, 0.0149191, 0.314376, 303.828, 15.2714, 321.8, 
26.8311, 13.605, 6.68402, 0.23336, 0.150461, 0.166829, 933.33, 601.772, 667.24, 52.0454, 59.7449, 59.1646, 0.114658, 0.289088, 0.227148, 313.314, 
789.959, 620.7, 20.7522, 23.7383, 55.8094, 0.157429, 0.130773, 0.0548858, 552.013, 458.546, 192.453, 5.05551, 0.766361, 3.96614, 0.264333, 0.229921, 
0.31011, 575.456, 500.541, 675.113, 24.0191, 30.4682, 53.7304, 10.8051, 4.89273, 11.6235, 685.478, 310.397, 737.397, 12.113, 13.7182, 2.12277, 
0.305853, 0.250338, 0.297887, 879.063, 719.506, 856.168, 42.5089, 33.1176, 41.1812, 0.223333, 0.111442, 0.0191582, 578.531, 288.685, 49.6282, 7.63368, 
6.36084, 8.25673, 0.140306, 0.187929, 0.128589, 391.774, 524.17, 358.842, 26.4063, 27.6769, 5.886, 0.485987, 0.0176252, 0.136469, 794.06, 28.7981, 
222.978, 7.90638, 41.5817, 36.1962, 0.64642, 0.350616, 0.00821132, 767.439, 416.257, 9.74861, 18.8831, 38.3314, 6.86563, 0.100684, 0.21242, 0.194474, 
386.972, 816.418, 747.445, 23.0154, 11.9176, 39.1131, 0.344884, 0.0868784, 0.452255, 740.27, 186.478, 970.732, 3.1072, 15.2326, 20.5691, 0.0270037, 
0.0945386, 0.153687, 122.916, 425.905, 693.797, 37.2483, 40.4553, 34.3851, 0.00344808, 0.145213, 0.0671691, 16.8794, 710.862, 328.813, 3.65555, 31.9749, 
2.02476, 0.081934, 0.571633, 0.443686, 96.4919, 673.2, 522.519, 42.2729, 48.4647, 16.9897, 0.164236, 0.292751, 0.252585, 560.082, 998.344, 861.368, 
28.9922, 5.60041, 58.6055, 0.102956, 0.0236324, 0.161579, 283.603, 65.098, 445.087, 36.1719, 20.1827, 33.3727, 0.0397444, 0.235838, 0.209024, 106.203, 
630.194, 558.542, 5.65049, 12.3361, 19.6588, 0.178391, 0.204219, 0.159963, 634.719, 728.79, 570.346, 37.8195, 10.0728, 40.8099, 0.456575, 0.430323, 
0.254267, 976.107, 919.983, 543.596, 25.3381, 21.2721, 28.6906, 0.158232, 0.188291, 0.00257956, 657.954, 782.946, 10.7262, 25.4879, 53.6515, 45.0802, 
0.235701, 1.30326, 0.692307, 177.685, 982.468, 521.9, 52.3203, 44.5965, 47.2133, 0.237339, 0.110232, 0.0529107, 749.683, 348.189, 167.129, 54.3249, 
7.6193, 10.3021, 0.172275, 0.140488, 0.206283, 761.372, 620.889, 911.675, 45.32, 15.2977, 34.3531, 0.0596589, 0.0104967, 0.0858761, 100.787, 17.733, 
145.078, 45.4802, 55.1539, 54.384, 1.72123, 1.61615, 0.200054, 695.519, 653.057, 80.8383, 12.7432, 33.7981, 58.3669, 0.760532, 0.639848, 0.121097, 
956.89, 805.046, 152.362, 7.94754, 42.2986, 3.34019, 0.791978, 0.776296, 0.547418, 518.183, 507.922, 358.17, 41.1591, 15.8254, 5.6181, 0.0800395, 
0.193225, 0.140272, 337.595, 814.996, 591.648, 16.8068, 40.0397, 28.0649, 0.13084, 0.209789, 0.20556, 614.237, 984.871, 965.017, 51.8172, 5.12852, 
42.045, 0.280303, 0.329962, 0.154443, 480.388, 565.494, 264.687, 55.0169, 15.9573, 48.4335, 0.899184, 0.222678, 0.295215, 879.734, 217.862, 288.83, 
19.0942, 18.2193, 28.4817, 0.129715, 0.313978, 0.0351797, 308.716, 747.254, 83.726, 14.2073, 31.3623, 37.6143, 0.122332, 0.265476, 0.0628045, 410.367, 
890.549, 210.68, 37.0896, 35.9532, 56.4711, 0.0538404, 0.150384, 0.067274, 250.159, 698.731, 312.576, 34.1101, 52.21, 37.2936, 0.175533, 0.220575, 
0.103476, 767.525, 964.47, 452.45, 36.2985, 4.72873, 10.3674, 0.101561, 0.130226, 0.14523, 435.701, 558.676, 623.045, 15.4071, 56.3249, -0.212456, 
339873, 107206, -476024, 6.07821e+07, 1.91846e+07, -8.51211e+07, 33.5819, 6.75602, 16.066, 0.250323, 0.304904, 0.0732201, 741.599, 903.298, 216.919, 41.848, 
34.0725, 45.3361, 0.0991306, 0.269173, 0.229941, 177.132, 480.973, 410.871, -32.8985, 28.997, -41.1181, -7.26112e+07, 2.73552e+07, -1.44425e+07, -1.70819e+11, 4.40585e+10, 
-1.83152e+10, 58.7167, 12.1447, 32.8747, 0.189705, 0.340526, 0.224988, 463.33, 831.694, 549.505, 59.09, 53.7599, 10.7319, 0.206947, 0.101835, 0.194673, 
959.575, 472.19, 902.662, 41.9393, 42.7096, 19.0775, 0.0899666, 0.129266, 0.242922, 294.924, 423.751, 796.334, 17.4448, 43.8628, 6.01096, 0.172035, 
0.0266747, 0.118069, 802.402, 124.416, 550.696, -24.5241, -56.2171, 36.8705, -4.74461e+07, -4.5901e+07, 5.75217e+07, -1.52415e+11, -1.68243e+11, 1.98947e+11, 7.46224, 24.2956, 
23.0122, 0.454287, 0.530361, 0.0213969, 820.013, 957.329, 38.6225, 59.3086, 46.5121, 50.3162, 0.210744, 0.216028, 0.182484, 270.207, 276.982, 233.974, 
55.705, 25.5723, 24.1593, 3.37945, 0.362436, 7.4908, 343.264, 36.814, 760.868, 19.0591, 1.55142, 9.5238, 0.0748793, 0.294242, 0.11818, 219.486, 
862.483, 346.408, 37.0244, 42.7707, 54.8286, 0.183606, 0.0397669, 0.0920769, 708.799, 153.518, 355.458, 0.864914, 38.6306, 16.5519, 0.166177, 0.078708, 
0.200177, 827.701, 392.032, 997.052, 37.2375, 54.2214, 17.1274, 0.0806442, 0.00336538, 0.225848, 276.913, 11.5559, 775.507, 36.376, 28.6504, 47.7163, 
1.02357, 0.615532, 1.27413, 509.192, 306.207, 633.841, 21.2082, 57.689, 22.7632, 0.0450696, 0.0473669, 0.424354, 58.9647, 61.9702, 555.184, 54.9186, 
53.0208, -47.7911, 3.53168e+07, 3.41667e+07, -4.28166e+07, 1.52415e+11, 1.68243e+11, -1.98947e+11, 45.6845, 6.58294, 24.7355, 0.568897, 0.812502, 0.237564, 652.212, 931.492, 
272.355, 20.0559, 46.9334, 21.0807, 0.188632, 0.0794434, 0.0704494, 815.599, 343.494, 304.606, 4.86773, 52.9303, 47.3082, 0.129621, 0.0872797, 0.165483, 
573.158, 385.935, 731.736, 18.4781, 30.713, 59.0536, 0.0432863, 0.106256, 0.152423, 201.154, 493.78, 708.319, 45.9079, 45.3177, 34.9025, 1.23761, 
4.4127, 1.75042, 254.545, 907.579, 360.016, 54.4886, 48.0982, 37.3427, 0.0437505, 0.19717, 0.11473, 162.249, 731.207, 425.477, 30.4638, 57.4229, 
26.8171, 0.563717, 0.305798, 0.684391, 795.385, 431.471, 965.653, 5.11623, 33.6968, 58.9072, 0.916375, 1.1229, 0.660336, 787.464, 964.936, 567.443, 
35.3044, 36.0405, 56.1119, 0.367517, 0.470219, 0.109947, 598.633, 765.921, 179.088, 59.3064, 5.1895, 49.9938, 0.0130368, 0.28777, 0.191509, 44.6171, 
984.858, 655.417, 20.1338, 12.2324, 2.17458, 1.34045, 1.34004, 0.0736743, 957.455, 957.162, 52.6241, 13.6936, 26.3771, 2.81649, 0.487009, 0.178447, 
0.0453452, 470.701, 172.472, 43.8268, 33.921, -8.89723, 8.74577, 4.80885e+07, -1.81167e+07, 9.5649e+06, 1.70819e+11, -4.40585e+10, 1.83152e+10, 15.1152, 1.5474, 1.28823, 
0.154312, 0.104218, 0.0487872, 626.738, 423.28, 198.149, 1.72615, 19.8876, 23.9205, 2.24651, 2.21219, 2.64088, 476.679, 469.397, 560.357, 40.2489, 
6.00067, 22.7454, 0.122942, 0.0834765, 0.2015, 491.412, 333.664, 805.415, 59.8476, 41.3291, 26.0313, 11.5452, 6.93759, 9.87897, 612.53, 368.073, 
524.127, 20.4167, 42.6865, 33.3193, 40459.9, 4828.93, 16458.7, 1.6853e+08, -3.80392e+06, 9.67525e+07, 15.9732, 32.368, 53.9662, 0.206474, 0.0655978, 0.10824, 
481.806, 153.072, 252.578, 13.9185, 22.8439, 20.3367, 0.0409586, 0.268026, 0.0402888, 132.274, 865.579, 130.111, 5.96494, 57.9057, 4.87783, 0.0382402, 
0.0205061, 0.0297821, 160.522, 86.0792, 125.017, 29.2834, 46.1424, 48.8824, 0.610019, 3.00419, 1.67574, 182.178, 897.178, 500.447, 27.9204, 39.7479, 
5.76972, 1.06925, 1.09996, 0.221856, 954.663, 982.08, 198.081, 1.57096, 23.762, 42.2762, 0.682574, 2.16479, 3.4618, 182.245, 577.993, 924.289, 
54.7338, 17.3926, 9.69148, 7.89922, 9.92549, 10.1896, 760.993, 956.2, 981.646, 41.9447, 36.1342, 52.4071, 0.204592, 0.189781, 0.189785, 963.729, 
893.964, 893.982, 31.1751, 44.368, 8.99373, 0.0904459, 0.0790125, 0.0144517, 384.607, 335.988, 61.4534, 53.4234, 19.6798, 55.1953, 0.109314, 0.131297, 
0.020431, 462.546, 555.565, 86.4512
