43.9414, 57.5227, 4.62627, 0.790242, 0.461923, 0.22745, 898.537, 525.225, 258.62, 25.5149, 20.54, 50.6978, 14.601, -7.46308, -12.5307, 2414.73, 
-1236.93, -2075.66, 54.2613, 30.415, 42.6721, 2.48851e+13, 6.94285e+12, 9.10322e+12, 2.48707e+16, 6.76993e+15, 9.03442e+15, 10.0104, -36.7183, 27.9741, 180340, -412007, 
33874.1, 7.30756e+08, -1.68335e+09, 1.62935e+08, 50.1316, 57.3536, 48.101, 0.160529, 0.145651, 0.0801232, 774.093, 702.347, 386.365, 57.0481, 20.6473, 19.86, 
0.152888, 0.187157, 0.209895, 643.039, 787.174, 882.808, 50.4774, 13.0045, 27.8475, 1.93635, 0.361754, 3.58228, 389.766, 72.8171, 721.074, 12.3311, 
56.3232, 52.6975, 1.32938e+07, 3.45489e+07, 9.96612e+06, 2.42699e+10, 6.4315e+10, 1.74576e+10, 37.221, 27.8378, 48.8354, -818.675, 1693.79, 1327.55, -456412, 812762, 
804266, 39.257, 15.8962, 20.846, 0.145463, 0.187202, 0.0303932, 541.007, 696.243, 113.038, 26.3131, -56.997, 15.2305, 3.73867e+08, -2.70088e+08, 1.29318e+08, 
4.95824e+11, -3.38477e+11, 1.86818e+11, 7.49933, -59.6556, 9.5368, 17579.4, -190103, 245604, 8.86508e+07, -7.55821e+08, 1.13099e+09, 25.3933, 53.2958, 55.705, 0.146352, 
0.207899, 0.0801084, 615.51, 874.356, 336.91, 26.444, 36.5559, 32.8283, 5692.05, 10888.7, 7588.56, 9.03003e+06, 1.43548e+07, 9.17451e+06, 11.0905, 20.306, 
42.2249, 0.660342, 0.677993, 0.190746, 473.312, 485.965, 136.72, 34.253, 19.5863, -59.7963, 1.34784e+09, 8.43904e+09, -1.32431e+10, -1.21248e+12, 8.77692e+12, -1.15816e+13, 
27.0831, 13.7675, 6.8642, 0.23336, 0.150461, 0.166829, 933.33, 601.772, 667.24, -36.0983, -29.5151, 42.3309, -50578.1, -38534.7, 54257, -1.46044e+08, 
-1.04107e+08, 1.66621e+08, 20.8425, 23.9859, 56.0197, -0.332679, 0.639215, 0.798908, -1178.21, 2250, 2814.66, 5.34099, 1.01468, 4.30106, 0.264333, 0.229921, 
0.31011, 575.456, 500.541, 675.113, 35.6885, 35.7524, 6.18373, 10.8051, 4.89273, 11.6235, 685.478, 310.397, 737.397, 59.366, 19.5346, 35.7367, 
10785.7, 3297.53, 12441.8, 3.88142e+07, 1.57785e+07, 4.21373e+07, 42.7501, 33.238, 41.2019, 0.223333, 0.111442, 0.0191582, 578.531, 288.685, 49.6282, -21.9365, 
1.94802, -19.7167, -1.74955e+08, 1.26391e+08, -6.05159e+07, -4.95824e+11, 3.38477e+11, -1.86818e+11, 26.9312, 27.6959, 6.03339, 0.485987, 0.0176252, 0.136469, 794.06, 28.7981, 
222.978, 8.6095, 41.9558, 36.2027, 0.740464, 0.241386, -0.0275479, 881.666, 286.238, -23.8527, 18.9918, 38.5608, 7.07566, 0.100684, 0.21242, 0.194474, 
386.972, 816.418, 747.445, 26.626, 9.00511, 35.4965, 4.97919, -1.51183, -4.14741, 11103.4, -2858.09, -8595.68, 55.7072, -43.9164, -43.8939, 61583.6, 
-25197, -521877, 3.61292e+08, -7.05017e+07, -2.37072e+09, 37.252, 40.6122, 34.4576, 0.00344808, 0.145213, 0.0671691, 16.8794, 710.862, 328.813, 3.74401, 32.5929, 
2.5041, 0.0782635, 0.574923, 0.447685, 91.9863, 676.944, 527.268, 42.4502, 48.7809, 17.2625, 0.164236, 0.292751, 0.252585, 560.082, 998.344, 861.368, 
29.0988, 5.61329, 58.7793, 0.0912738, -0.0151753, 0.169517, 253.125, -38.447, 466.473, 36.2148, 20.4374, 33.5985, 0.0397444, 0.235838, 0.209024, 106.203, 
630.194, 558.542, -15.9146, 0.197137, 22.7225, -77947.7, 31941.2, 661517, -3.60935e+08, 7.05662e+07, 2.37086e+09, 38.3126, 10.5376, 41.0845, 0.456575, 0.430323, 
0.254267, 976.107, 919.983, 543.596, 25.509, 21.4755, 28.6933, 0.158232, 0.188291, 0.00257956, 657.954, 782.946, 10.7262, 26.9189, 54.6248, 37.5522, 
1.03617, -3.73376, -25.1414, 1007.03, -2956.66, -19122.1, 52.5878, 44.7313, 47.2713, 0.253534, 0.182099, 0.033879, 795.602, 575.993, 103.746, 54.511, 
7.77102, 10.5248, 0.172275, 0.140488, 0.206283, 761.372, 620.889, 911.675, 45.3845, 15.309, 34.4458, 0.0596589, 0.0104967, 0.0858761, 100.787, 17.733, 
145.078, 47.3391, 56.8993, 54.6, 1.72123, 1.61615, 0.200054, 695.519, 653.057, 80.8383, 13.5646, 34.4892, 58.4977, 0.760532, 0.639848, 0.121097, 
956.89, 805.046, 152.362, 8.80287, 43.137, 3.9314, 0.791978, 0.776296, 0.547418, 518.183, 507.922, 358.17, 41.2455, 16.034, 5.76959, 0.0800395, 
0.193225, 0.140272, 337.595, 814.996, 591.648, 16.9481, 40.2663, 28.2869, 0.13084, 0.209789, 0.20556, 614.237, 984.871, 965.017, 52.1236, 5.48245, 
42.2122, 0.337541, 0.297543, 0.164872, 580.514, 504.208, 288.806, 55.988, 16.1977, 48.7523, 0.899184, 0.222678, 0.295215, 879.734, 217.862, 288.83, 
19.2343, 18.5584, 28.5197, 0.129715, 0.313978, 0.0351797, 308.716, 747.254, 83.726, 14.3394, 31.6491, 37.6821, 0.122332, 0.265476, 0.0628045, 410.367, 
890.549, 210.68, 37.1478, 36.1156, 56.5438, 0.0538404, 0.150384, 0.067274, 250.159, 698.731, 312.576, 34.2997, 52.4482, 37.4054, 0.175533, 0.220575, 
0.103476, 767.525, 964.47, 452.45, 36.4082, 4.86937, 10.5243, 0.101561, 0.130226, 0.14523, 435.701, 558.676, 623.045, -39.0276, -9.16647, -30.3038, 
-2.73635e+08, -7.1114e+08, -2.05139e+08, -2.42699e+10, -6.4315e+10, -1.74576e+10, 0.590043, 0.714402, -30.3821, 1.11478e+08, 2.15689e+08, -1.03623e+08, 3.40155e+11, 6.51466e+11, -3.32848e+11, 41.955, 
34.3632, 45.5844, 0.0991306, 0.269173, 0.229941, 177.132, 480.973, 410.871, 13.9112, -58.2769, -53.827, 3.40276e+08, -2.92318e+08, -5.88921e+08, 8.95179e+11, -8.34993e+11, 
-1.59713e+12, 58.9216, 12.5124, 33.1177, 0.189705, 0.340526, 0.224988, 463.33, 831.694, 549.505, 59.3135, 53.8698, 10.9422, 0.206947, 0.101835, 0.194673, 
959.575, 472.19, 902.662, 42.0365, 42.8492, 19.3398, 0.0899666, 0.129266, 0.242922, 294.924, 423.751, 796.334, 17.6306, 43.8916, 6.13847, 0.172035, 
0.0266747, 0.118069, 802.402, 124.416, 550.696, -16.0638, -9.63628, 32.0048, -9.30399e+07, -9.55778e+07, 1.46371e+08, -2.93976e+11, -2.75559e+11, 4.73223e+11, 7.95287, 24.8684, 
23.0353, 0.454287, 0.530361, 0.0213969, 820.013, 957.329, 38.6225, 59.5362, 46.7454, 50.5133, 0.210744, 0.216028, 0.182484, 270.207, 276.982, 233.974, 
59.3548, 25.9637, 32.2493, 3.37945, 0.362436, 7.4908, 343.264, 36.814, 760.868, 6.16326, 31.0852, 47.1197, -2971.48, -5441.2, -2244.45, -9.48304e+06, 
-1.36551e+07, -4.30023e+06, 37.2227, 42.8136, 54.928, 0.183606, 0.0397669, 0.0920769, 708.799, 153.518, 355.458, 1.04438, 38.7157, 16.7681, 0.166177, 0.078708, 
0.200177, 827.701, 392.032, 997.052, 28.9862, 54.4509, 12.0185, -22.6051, 3.18101, -5.49653, -79460.2, 11525.9, -16160.4, 37.4815, 29.3152, 49.0924, 
1.02357, 0.615532, 1.27413, 509.192, 306.207, 633.841, 21.2569, 57.7402, 23.2215, 0.0450696, 0.0473669, 0.424354, 58.9647, 61.9702, 555.184, 12.2368, 
56.8489, -18.6265, 6.92647e+07, 7.11742e+07, -1.0897e+08, 2.94013e+11, 2.75682e+11, -4.73298e+11, 46.2989, 7.46044, 24.992, 0.568897, 0.812502, 0.237564, 652.212, 931.492, 
272.355, 20.2596, 47.0192, 21.1568, 0.188632, 0.0794434, 0.0704494, 815.599, 343.494, 304.606, 5.00772, 53.0246, 47.487, 0.129621, 0.0872797, 0.165483, 
573.158, 385.935, 731.736, 18.5249, 30.8278, 59.2182, 0.0432863, 0.106256, 0.152423, 201.154, 493.78, 708.319, 47.2445, 50.0834, 36.793, 1.23761, 
4.4127, 1.75042, 254.545, 907.579, 360.016, 54.5359, 48.3111, 37.4666, 0.0437505, 0.19717, 0.11473, 162.249, 731.207, 425.477, 31.0712, 57.7553, 
27.5552, 0.557027, 0.322991, 0.67727, 783.106, 457.164, 957.649, 6.10596, 34.9096, 59.6203, 0.917423, 1.12393, 0.65899, 788.393, 965.851, 566.251, 
35.7014, 36.5483, 56.2306, 0.367517, 0.470219, 0.109947, 598.633, 765.921, 179.088, 59.3204, 5.50029, 50.2006, 0.0130368, 0.28777, 0.191509, 44.6171, 
984.858, 655.417, 21.5814, 13.6797, 2.25415, 1.34045, 1.34004, 0.0736743, 957.455, 957.162, 52.6241, 14.2196, 26.5698, 2.86547, 0.487009, 0.178447, 
0.0453452, 470.701, 172.472, 43.8268, -28.2836, -8.93708, 26.139, -6.42681e+08, -2.07075e+09, 3.77355e+09, -2.27413e+10, -8.5933e+12, 1.35114e+13, -42.4642, -22.2309, 20.5857, 
-596704, -595776, 1.36739e+06, -2.60309e+09, -2.49523e+09, 5.48905e+09, 4.15238, 22.2768, 26.7727, 2.24651, 2.21219, 2.64088, 476.679, 469.397, 560.357, 40.3817, 
6.09083, 22.9631, 0.122942, 0.0834765, 0.2015, 491.412, 333.664, 805.415, -52.629, 28.4043, -43.4923, -1.4519e+06, 1.56789e+07, -2.02561e+07, -8.87562e+07, 7.55794e+08, 
-1.13093e+09, -39.0017, 59.9917, -42.4291, -176536, 403358, -33158.3, -7.30676e+08, 1.68334e+09, -1.62917e+08, 16.1961, 32.4389, 54.0831, 0.206474, 0.0655978, 0.10824, 
481.806, 153.072, 252.578, 13.9627, 23.1334, 20.3803, 0.0409586, 0.268026, 0.0402888, 132.274, 865.579, 130.111, 6.00624, 57.9278, 4.91, 0.0382402, 
0.0205061, 0.0297821, 160.522, 86.0792, 125.017, 29.9422, 49.3869, 50.6922, 0.610019, 3.00419, 1.67574, 182.178, 897.178, 500.447, 29.0752, 40.9358, 
6.00932, 1.06907, 1.09967, 0.221609, 954.491, 981.806, 197.848, 21.9082, 18.3635, -19.3787, 8.92449e+06, 8.59435e+06, -2.05261e+07, 2.56623e+09, 2.37131e+09, -5.41539e+09, 
3.16494, 28.1121, 20.6963, 7.89922, 9.92549, 10.1896, 760.993, 956.2, 981.646, -29.9865, -23.0642, -31.1716, -5.39809e+12, -1.50605e+12, -1.97468e+12, -2.48707e+16, 
-6.76993e+15, -9.03442e+15, 31.272, 44.4538, 9.0095, 0.0884765, 0.0797591, 0.0149312, 375.692, 339.202, 63.5486, 53.5415, 19.8216, 55.2173, 0.109314, 0.131297, 
0.020431, 462.546, 555.565, 86.4512
