43.9888, 57.5504, 4.63992, 0.790242, 0.461923, 0.22745, 898.537, 525.225, 258.62, 26.4883, 20.0214, 49.8363, 17.7376, -9.72791, -16.0421, 2933.45, 
-1611.07, -2655.85, 48.5506, 2.281, 49.1565, 1.74043e+13, 6.52191e+12, 1.14595e+13, 1.86591e+16, 6.71648e+15, 1.1069e+16, 2.08424, -17.2716, 35.5731, 94791, -492015, 
117123, 3.56289e+08, -1.99107e+09, 4.77501e+08, 50.1412, 57.3624, 48.1058, 0.160529, 0.145651, 0.0801232, 774.093, 702.347, 386.365, 57.0573, 20.6585, 19.8726, 
0.152888, 0.187157, 0.209895, 643.039, 787.174, 882.808, 50.5977, 13.0306, 28.0683, 2.12329, 0.586918, 3.92343, 432.703, 118.529, 788.044, 22.0777, 
43.1156, 37.118, 1.41597e+07, 3.42143e+07, 1.27064e+07, 2.64599e+10, 6.31489e+10, 2.26566e+10, 23.2276, 47.7339, 54.1295, -184.682, 1500.38, 3562.2, -291402, 762706, 
1.35898e+06, 39.2657, 15.9075, 20.8478, 0.145463, 0.187202, 0.0303932, 541.007, 696.243, 113.038, 36.2865, -16.944, 46.599, 3.59186e+08, -1.93358e+08, 2.0037e+08, 
4.90928e+11, -2.32476e+11, 2.37066e+11, 24.4665, -56.9605, 45.7671, 170821, -53387.6, 353970, 7.64745e+08, -2.32367e+08, 1.52626e+09, 25.4021, 53.3083, 55.7098, 0.146352, 
0.207899, 0.0801084, 615.51, 874.356, 336.91, 17.8285, 23.2066, 12.29, 33642.2, 11418.7, 4904.4, 5.2133e+07, 1.46119e+07, 9.53696e+06, 11.1301, 20.3467, 
42.2363, 0.660342, 0.677993, 0.190746, 473.312, 485.965, 136.72, -16.3745, -15.5794, -23.107, -1.71832e+10, -4.59535e+08, -6.77842e+09, -2.00338e+13, -6.65333e+11, -5.33202e+12, 
27.0971, 13.7766, 6.87421, 0.23336, 0.150461, 0.166829, 933.33, 601.772, 667.24, -45.7502, -34.9669, 37.4465, -105416, -48964.8, 19515.4, -2.71301e+08, 
-1.2881e+08, 5.37945e+07, 20.8179, 24.0276, 56.0728, -0.479901, 0.745519, 0.963722, -1696.93, 2624.15, 3394.85, 5.35685, 1.02847, 4.31967, 0.264333, 0.229921, 
0.31011, 575.456, 500.541, 675.113, 36.3368, 36.046, 6.88114, 10.8051, 4.89273, 11.6235, 685.478, 310.397, 737.397, 58.8916, 7.32968, 31.0641, 
30095.6, 12219.1, 34766.6, 9.23796e+07, 4.43428e+07, 9.71902e+07, 42.7635, 33.2447, 41.203, 0.223333, 0.111442, 0.0191582, 578.531, 288.685, 49.6282, -10.6307, 
14.1089, -10.1744, -1.68085e+08, 9.04843e+07, -9.37652e+07, -4.90928e+11, 2.32476e+11, -2.37066e+11, 26.9603, 27.697, 6.04158, 0.485987, 0.0176252, 0.136469, 794.06, 28.7981, 
222.978, 8.65465, 41.9695, 36.1986, 0.718454, 0.191529, -0.0909357, 846.318, 218.486, -107.418, 18.9979, 38.5736, 7.08733, 0.100684, 0.21242, 0.194474, 
386.972, 816.418, 747.445, 26.9542, 8.9623, 35.2902, 5.64689, -0.435758, -2.9636, 12102.5, -984.956, -6368.07, 9.3092, -27.3116, -59.7047, 47348.9, 
-51468.8, -526544, 2.69416e+08, -2.96638e+08, -2.34279e+09, 37.2522, 40.6209, 34.4617, 0.00344808, 0.145213, 0.0671691, 16.8794, 710.862, 328.813, 3.74875, 32.6274, 
2.53104, 0.0797635, 0.576467, 0.448535, 93.9941, 678.723, 528.286, 42.4601, 48.7985, 17.2776, 0.164236, 0.292751, 0.252585, 560.082, 998.344, 861.368, 
29.1042, 5.61208, 58.7896, 0.0738628, -0.0260873, 0.165288, 199.879, -68.8088, 454.824, 36.2172, 20.4516, 33.611, 0.0397444, 0.235838, 0.209024, 106.203, 
630.194, 558.542, -21.0399, 33.1124, 30.853, -59897.7, 65332.3, 667509, -2.68974e+08, 2.96968e+08, 2.34322e+09, 38.3399, 10.5634, 41.0997, 0.456575, 0.430323, 
0.254267, 976.107, 919.983, 543.596, 25.5185, 21.4868, 28.6935, 0.158232, 0.188291, 0.00257956, 657.954, 782.946, 10.7262, 27.0339, 54.3622, 35.9784, 
1.32161, -4.03734, -27.0048, 1039.12, -3135.52, -20579.2, 52.6028, 44.7422, 47.2733, 0.248455, 0.1836, 0.0376557, 784.176, 580.252, 115.675, 54.5213, 
7.77945, 10.5372, 0.172275, 0.140488, 0.206283, 761.372, 620.889, 911.675, 45.388, 15.3096, 34.451, 0.0596589, 0.0104967, 0.0858761, 100.787, 17.733, 
145.078, 47.4424, 56.9963, 54.612, 1.72123, 1.61615, 0.200054, 695.519, 653.057, 80.8383, 13.6102, 34.5275, 58.505, 0.760532, 0.639848, 0.121097, 
956.89, 805.046, 152.362, 8.85039, 43.1836, 3.96424, 0.791978, 0.776296, 0.547418, 518.183, 507.922, 358.17, 41.2503, 16.0456, 5.77801, 0.0800395, 
0.193225, 0.140272, 337.595, 814.996, 591.648, 16.956, 40.2789, 28.2993, 0.13084, 0.209789, 0.20556, 614.237, 984.871, 965.017, 30.0402, 4.24417, 
59.0518, 3250.07, -526.353, -2462.23, 6.22039e+06, -352363, -4.00117e+06, 56.042, 16.2111, 48.77, 0.899184, 0.222678, 0.295215, 879.734, 217.862, 288.83, 
19.2421, 18.5772, 28.5218, 0.129715, 0.313978, 0.0351797, 308.716, 747.254, 83.726, 14.3467, 31.665, 37.6859, 0.122332, 0.265476, 0.0628045, 410.367, 
890.549, 210.68, 37.151, 36.1247, 56.5478, 0.0538404, 0.150384, 0.067274, 250.159, 698.731, 312.576, 34.3102, 52.4615, 37.4116, 0.175533, 0.220575, 
0.103476, 767.525, 964.47, 452.45, 36.4143, 4.87719, 10.533, 0.101561, 0.130226, 0.14523, 435.701, 558.676, 623.045, -11.4707, -24.326, -14.5692, 
-2.91458e+08, -7.04253e+08, -2.61544e+08, -2.64599e+10, -6.31489e+10, -2.26566e+10, 43.6852, 28.1823, -36.232, 1.16374e+08, 2.29775e+08, -1.2325e+08, 3.18582e+11, 6.93349e+11, -3.71372e+11, 41.961, 
34.3794, 45.5982, 0.0991306, 0.269173, 0.229941, 177.132, 480.973, 410.871, 27.6668, -21.5568, -51.5782, 3.14137e+08, -2.51051e+08, -3.88617e+08, 8.936e+11, -7.21678e+11, 
-1.04483e+12, 58.933, 12.5329, 33.1312, 0.189705, 0.340526, 0.224988, 463.33, 831.694, 549.505, 59.3259, 53.8759, 10.9538, 0.206947, 0.101835, 0.194673, 
959.575, 472.19, 902.662, 42.0419, 42.8569, 19.3544, 0.0899666, 0.129266, 0.242922, 294.924, 423.751, 796.334, 17.6409, 43.8932, 6.14556, 0.172035, 
0.0266747, 0.118069, 802.402, 124.416, 550.696, -39.0086, -2.15097, 35.5911, -1.1828e+08, -1.93909e+08, 2.05546e+08, -3.82245e+11, -5.87096e+11, 5.96129e+11, 7.98013, 24.9002, 
23.0365, 0.454287, 0.530361, 0.0213969, 820.013, 957.329, 38.6225, 59.5489, 46.7584, 50.5243, 0.210744, 0.216028, 0.182484, 270.207, 276.982, 233.974, 
59.5576, 25.9855, 32.6988, 3.37945, 0.362436, 7.4908, 343.264, 36.814, 760.868, 52.5555, 14.587, 17.1012, -18375.7, -5209.61, 745.61, -5.6024e+07, 
-1.32153e+07, -443180, 37.2337, 42.816, 54.9336, 0.183606, 0.0397669, 0.0920769, 708.799, 153.518, 355.458, 1.05436, 38.7204, 16.7801, 0.166177, 0.078708, 
0.200177, 827.701, 392.032, 997.052, 27.4606, 54.7604, 11.8575, -26.8234, 1.8935, -1.05316, -92340.1, 8516.76, -6296, 37.5429, 29.3521, 49.1688, 
1.02357, 0.615532, 1.27413, 509.192, 306.207, 633.841, 21.2596, 57.743, 23.247, 0.0450696, 0.0473669, 0.424354, 58.9647, 61.9702, 555.184, 1.09396, 
37.5252, -12.043, 8.805e+07, 1.44357e+08, -1.53025e+08, 3.82272e+11, 5.87172e+11, -5.96235e+11, 46.333, 7.50919, 25.0063, 0.568897, 0.812502, 0.237564, 652.212, 931.492, 
272.355, 20.2709, 47.0239, 21.161, 0.188632, 0.0794434, 0.0704494, 815.599, 343.494, 304.606, 5.01549, 53.0298, 47.4969, 0.129621, 0.0872797, 0.165483, 
573.158, 385.935, 731.736, 18.5275, 30.8341, 59.2274, 0.0432863, 0.106256, 0.152423, 201.154, 493.78, 708.319, 47.3188, 50.3482, 36.898, 1.23761, 
4.4127, 1.75042, 254.545, 907.579, 360.016, 54.5385, 48.323, 37.4735, 0.0437505, 0.19717, 0.11473, 162.249, 731.207, 425.477, 31.104, 57.7749, 
27.5957, 0.542423, 0.328112, 0.685925, 765.367, 461.595, 967.153, 6.16105, 34.9771, 59.6598, 0.918944, 1.12542, 0.657091, 789.715, 967.143, 564.602, 
35.7234, 36.5765, 56.2372, 0.367517, 0.470219, 0.109947, 598.633, 765.921, 179.088, 59.3212, 5.51756, 50.2121, 0.0130368, 0.28777, 0.191509, 44.6171, 
984.858, 655.417, 21.6619, 13.7601, 2.25857, 1.34045, 1.34004, 0.0736743, 957.455, 957.162, 52.6241, 14.2488, 26.5806, 2.86819, 0.487009, 0.178447, 
0.0453452, 470.701, 172.472, 43.8268, 59.6034, 50.4454, 13.0678, 4.0009e+09, 1.14951e+08, 2.03997e+09, 1.88218e+13, 6.93746e+11, 6.74806e+12, -25.6301, -23.2099, 50.6238, 
-76784.6, -431647, 771563, -9.53201e+07, -1.65431e+09, 3.1552e+09, 4.28717, 22.4095, 26.9311, 2.24651, 2.21219, 2.64088, 476.679, 469.397, 560.357, 40.3891, 
6.09583, 22.9751, 0.122942, 0.0834765, 0.2015, 491.412, 333.664, 805.415, -53.4802, 9.74592, -8.86805, -1.40915e+07, 4.40411e+06, -2.91946e+07, -7.64872e+08, 2.32393e+08, 
-1.52623e+09, -31.1526, 20.3371, -57.655, -92779.1, 481688, -114664, -3.56195e+08, 1.99106e+09, -4.77493e+08, 16.2085, 32.4428, 54.0896, 0.206474, 0.0655978, 0.10824, 
481.806, 153.072, 252.578, 13.9652, 23.1494, 20.3827, 0.0409586, 0.268026, 0.0402888, 132.274, 865.579, 130.111, 6.00854, 57.9291, 4.91179, 0.0382402, 
0.0205061, 0.0297821, 160.522, 86.0792, 125.017, 29.9788, 49.5672, 50.7927, 0.610019, 3.00419, 1.67574, 182.178, 897.178, 500.447, 29.1393, 41.0018, 
6.0226, 1.06864, 1.09898, 0.22102, 954.105, 981.185, 197.315, 22.3684, 42.1712, -45.7968, 1.05682e+06, 6.26354e+06, -1.1355e+07, 6.83657e+07, 1.57772e+09, -3.05161e+09, 
3.63889, 28.7077, 21.3077, 7.89922, 9.92549, 10.1896, 760.993, 956.2, 981.646, -41.6011, -28.0787, -10.1563, -3.77536e+12, -1.41474e+12, -2.4858e+12, -1.86591e+16, 
-6.71648e+15, -1.1069e+16, 31.2773, 44.4586, 9.01043, 0.0876565, 0.0783887, 0.0155183, 372.768, 332.84, 65.5253, 53.5481, 19.8295, 55.2186, 0.109314, 0.131297, 
0.020431, 462.546, 555.565, 86.4512
