44.0363, 57.5781, 4.65357, 0.790242, 0.461923, 0.22745, 898.537, 525.225, 258.62, 27.6707, 19.3551, 48.7449, 21.5456, -12.3785, -20.1799, 3563.23, 
-2049.09, -3339.75, 30.4927, 52.3515, 55.6696, 2.69584e+13, 1.40747e+13, 1.7712e+13, 2.71479e+16, 1.3479e+16, 1.85932e+16, 47.1173, -32.8387, 33.1486, -3206.66, -489295, 
116020, -8.22743e+06, -1.96532e+09, 4.56676e+08, 50.1509, 57.3711, 48.1106, 0.160529, 0.145651, 0.0801232, 774.093, 702.347, 386.365, 57.0665, 20.6698, 19.8852, 
0.152888, 0.187157, 0.209895, 643.039, 787.174, 882.808, 50.7268, 13.07, 28.3007, 2.04789, 0.771963, 3.96883, 418.171, 156.506, 794.56, 11.4246, 
31.8986, 39.1028, 1.31592e+07, 3.36136e+07, 1.01915e+07, 2.36062e+10, 6.16969e+10, 1.84123e+10, 22.5908, 4.30751, 1.34247, -4588.7, -765.572, -1507.82, -2.20944e+06, -182002, 
-576705, 39.2744, 15.9187, 20.8496, 0.145463, 0.187202, 0.0303932, 541.007, 696.243, 113.038, 50.717, -0.546008, 38.2675, 3.48807e+08, -1.45473e+08, 2.12327e+08, 
4.53575e+11, -2.14604e+11, 2.84888e+11, 34.5671, -10.8736, 44.49, 240769, -77256.8, 371928, 1.09573e+09, -3.77036e+08, 1.6199e+09, 25.4109, 53.3207, 55.7146, 0.146352, 
0.207899, 0.0801084, 615.51, 874.356, 336.91, 2.06306, 55.6801, 7.02314, 34846.2, 31236, 7274.19, 5.29196e+07, 4.43488e+07, 1.48474e+07, 11.1697, 20.3874, 
42.2478, 0.660342, 0.677993, 0.190746, 473.312, 485.965, 136.72, -11.8025, -0.995383, -59.121, -1.16841e+10, -9.72733e+09, -3.52148e+10, -1.4409e+13, -1.15162e+13, -3.62032e+13, 
27.1111, 13.7856, 6.88422, 0.23336, 0.150461, 0.166829, 933.33, 601.772, 667.24, -31.4103, 14.519, 31.4042, -38746.6, -12296.1, 7250.53, -1.16527e+08, 
-2.87076e+07, 1.49187e+07, 20.7836, 24.0762, 56.1367, -0.65866, 0.869866, 1.15788, -2326.85, 3061.73, 4078.34, 5.37716, 1.01988, 4.34229, 1.3776, -5.36661, 
1.31417, 5422.62, -23866.9, 5046.8, 36.9851, 36.3395, 7.57854, 10.8051, 4.89273, 11.6235, 685.478, 310.397, 737.397, 29.4926, 25.6413, 52.9564, 
42821.6, 18305.5, 17633, 1.20922e+08, 6.16381e+07, 5.25831e+07, 42.7769, 33.2514, 41.2042, 0.223333, 0.111442, 0.0191582, 578.531, 288.685, 49.6282, -51.1917, 
15.6413, -9.62335, -1.63228e+08, 6.80758e+07, -9.93609e+07, -4.53575e+11, 2.14604e+11, -2.84888e+11, 26.9895, 27.6981, 6.04977, 0.485987, 0.0176252, 0.136469, 794.06, 28.7981, 
222.978, 8.69649, 41.9809, 36.1934, 0.67475, 0.184858, -0.0923552, 795.124, 211.371, -112.098, 19.0039, 38.5863, 7.09899, 0.100684, 0.21242, 0.194474, 
386.972, 816.418, 747.445, 27.2385, 8.96539, 35.0745, 4.14751, 0.189592, -3.45886, 8627.79, 114.943, -7124.19, 18.1735, -22.8246, -52.975, 104265, 
-96686.5, -618723, 5.49181e+08, -5.14622e+08, -2.7572e+09, 37.2524, 40.6296, 34.4657, 0.00344808, 0.145213, 0.0671691, 16.8794, 710.862, 328.813, 3.75347, 32.6621, 
2.55804, 0.0778729, 0.577265, 0.450152, 91.9434, 679.751, 530.12, 42.4699, 48.8161, 17.2928, 0.164236, 0.292751, 0.252585, 560.082, 998.344, 861.368, 
29.1086, 5.61054, 58.7997, 0.0749724, -0.0295926, 0.168055, 205.082, -85.4952, 461.472, 36.2196, 20.4657, 33.6236, 0.0397444, 0.235838, 0.209024, 106.203, 
630.194, 558.542, -42.376, 46.8566, 3.12921, -132008, 122615, 784317, -5.4861e+08, 5.14838e+08, 2.75752e+09, 38.3673, 10.5892, 41.115, 0.456575, 0.430323, 
0.254267, 976.107, 919.983, 543.596, 25.528, 21.4981, 28.6936, 0.158232, 0.188291, 0.00257956, 657.954, 782.946, 10.7262, 27.234, 54.0187, 34.3834, 
2.90339, -4.44125, -26.868, 2047.15, -3082.29, -20231.8, 52.6178, 44.7526, 47.2756, 0.248523, 0.166513, 0.0346173, 787.822, 528.113, 104.521, 54.5317, 
7.78788, 10.5496, 0.172275, 0.140488, 0.206283, 761.372, 620.889, 911.675, 45.3916, 15.3103, 34.4561, 0.0596589, 0.0104967, 0.0858761, 100.787, 17.733, 
145.078, 47.5457, 57.0933, 54.624, 1.72123, 1.61615, 0.200054, 695.519, 653.057, 80.8383, -35.349, 7.17525, 16.5311, -1.09405e+06, 834553, 1.38683e+06, 
-2.75304e+09, 2.10004e+09, 3.48978e+09, 8.89791, 43.2301, 3.99709, 0.791978, 0.776296, 0.547418, 518.183, 507.922, 358.17, 41.2551, 16.0572, 5.78643, 0.0800395, 
0.193225, 0.140272, 337.595, 814.996, 591.648, 16.9638, 40.2914, 28.3116, 0.13084, 0.209789, 0.20556, 614.237, 984.871, 965.017, 17.0159, 4.2362, 
6.18844, 19.8389, 1624.31, 1341.55, 163862, 2.94453e+06, 2.52746e+06, 56.0959, 16.2245, 48.7877, 0.899184, 0.222678, 0.295215, 879.734, 217.862, 288.83, 
19.2498, 18.5961, 28.5239, 0.129715, 0.313978, 0.0351797, 308.716, 747.254, 83.726, 14.3541, 31.6809, 37.6897, 0.122332, 0.265476, 0.0628045, 410.367, 
890.549, 210.68, 37.1543, 36.1337, 56.5519, 0.0538404, 0.150384, 0.067274, 250.159, 698.731, 312.576, 34.3208, 52.4747, 37.4178, 0.175533, 0.220575, 
0.103476, 767.525, 964.47, 452.45, 36.4203, 4.885, 10.5417, 0.101561, 0.130226, 0.14523, 435.701, 558.676, 623.045, -28.7656, -27.3101, -55.9177, 
-2.70864e+08, -6.91888e+08, -2.09777e+08, -2.36062e+10, -6.16969e+10, -1.84123e+10, 17.2305, 21.6926, -50.8494, 7.21459e+07, 3.72292e+08, -1.85544e+08, 2.03719e+11, 1.09311e+12, -5.62177e+11, 41.9669, 
34.3955, 45.612, 0.0991306, 0.269173, 0.229941, 177.132, 480.973, 410.871, 24.7968, -5.88014, -5.93011, 3.5574e+08, -3.23423e+08, -3.82345e+08, 9.2081e+11, -9.10029e+11, 
-1.05258e+12, 58.9443, 12.5533, 33.1447, 0.189705, 0.340526, 0.224988, 463.33, 831.694, 549.505, 59.3383, 53.8821, 10.9655, 0.206947, 0.101835, 0.194673, 
959.575, 472.19, 902.662, 42.0473, 42.8647, 19.369, 0.0899666, 0.129266, 0.242922, 294.924, 423.751, 796.334, 17.6512, 43.8948, 6.15264, 0.172035, 
0.0266747, 0.118069, 802.402, 124.416, 550.696, -9.03359, -32.3453, 15.0803, -7.13994e+07, -1.9979e+08, 2.39473e+08, -2.41915e+11, -6.0326e+11, 7.03285e+11, 8.00739, 24.932, 
23.0378, 0.454287, 0.530361, 0.0213969, 820.013, 957.329, 38.6225, 59.5615, 46.7713, 50.5352, 0.210744, 0.216028, 0.182484, 270.207, 276.982, 233.974, 
59.7604, 26.0072, 33.1482, 3.37945, 0.362436, 7.4908, 343.264, 36.814, 760.868, 36.4524, 14.8775, 1.3245, -15312.3, -17397, -3122.88, -4.56564e+07, 
-4.90104e+07, -1.29934e+07, 37.2447, 42.8184, 54.9391, 0.183606, 0.0397669, 0.0920769, 708.799, 153.518, 355.458, 1.06433, 38.7251, 16.7921, 0.166177, 0.078708, 
0.200177, 827.701, 392.032, 997.052, 25.8741, 54.6825, 11.835, -28.0425, -6.03458, -0.975921, -93442.3, -21334.3, -5554.95, 37.6043, 29.389, 49.2453, 
1.02357, 0.615532, 1.27413, 509.192, 306.207, 633.841, 21.2623, 57.7459, 23.2724, 0.0450696, 0.0473669, 0.424354, 58.9647, 61.9702, 555.184, 16.3562, 
14.8584, -11.5788, 5.34929e+07, 1.48479e+08, -1.78706e+08, 2.44712e+11, 6.01242e+11, -7.06889e+11, 46.3671, 7.55794, 25.0205, 0.568897, 0.812502, 0.237564, 652.212, 931.492, 
272.355, 20.2823, 47.0287, 21.1652, 0.188632, 0.0794434, 0.0704494, 815.599, 343.494, 304.606, 5.02327, 53.0351, 47.5068, 0.129621, 0.0872797, 0.165483, 
573.158, 385.935, 731.736, 18.5337, 30.8372, 59.2368, 0.958676, -0.731772, 0.221231, 8708.89, -7294.95, 1347.83, 47.393, 50.613, 37.003, 1.23761, 
4.4127, 1.75042, 254.545, 907.579, 360.016, 54.5411, 48.3348, 37.4804, 0.0437505, 0.19717, 0.11473, 162.249, 731.207, 425.477, 31.1376, 57.7946, 
27.6367, 0.575985, 0.328454, 0.686735, 812.948, 462.341, 967.322, 6.21625, 35.0447, 59.6992, 0.921114, 1.12753, 0.65445, 791.593, 968.966, 562.317, 
35.7455, 36.6047, 56.2438, 0.367517, 0.470219, 0.109947, 598.633, 765.921, 179.088, 59.322, 5.53482, 50.2236, 0.0130368, 0.28777, 0.191509, 44.6171, 
984.858, 655.417, 21.7423, 13.8405, 2.26299, 1.34045, 1.34004, 0.0736743, 957.455, 957.162, 52.6241, 14.278, 26.5913, 2.87091, 0.487009, 0.178447, 
0.0453452, 470.701, 172.472, 43.8268, 29.7846, 39.71, 22.3623, 2.63137e+09, 2.37526e+09, 9.18539e+09, 1.32844e+13, 1.13331e+13, 3.78179e+13, 42.2771, -39.0847, 49.4521, 
111276, -525288, 1.0393e+06, 4.33838e+08, -2.07493e+09, 4.0585e+09, 4.42196, 22.5422, 27.0896, 2.24651, 2.21219, 2.64088, 476.679, 469.397, 560.357, 40.3965, 
6.10084, 22.9872, 0.122942, 0.0834765, 0.2015, 491.412, 333.664, 805.415, -54.534, 56.5907, -39.396, -1.98599e+07, 6.37342e+06, -3.0675e+07, -1.09583e+09, 3.77108e+08, 
-1.61984e+09, 8.08029, 54.7606, -0.118021, 3162.98, 479031, -113583, 8.32234e+06, 1.96534e+09, -4.56668e+08, 16.2209, 32.4468, 54.0961, 0.206474, 0.0655978, 0.10824, 
481.806, 153.072, 252.578, 13.9676, 23.1655, 20.3851, 0.0409586, 0.268026, 0.0402888, 132.274, 865.579, 130.111, 6.00852, 57.9419, 4.91149, -0.539116, 
2.92296, -0.490939, -4686.65, 24453.5, -4246.67, 30.0154, 49.7474, 50.8933, 0.610019, 3.00419, 1.67574, 182.178, 897.178, 500.447, 29.2034, 41.0677, 
6.03583, 1.06795, 1.09786, 0.220047, 953.484, 980.176, 196.437, -2.96696, 3.61209, -42.171, -1.85047e+06, 7.67544e+06, -1.53921e+07, -4.75896e+08, 1.99291e+09, -3.94372e+09, 
4.11285, 29.3032, 21.919, 7.89922, 9.92549, 10.1896, 760.993, 956.2, 981.646, -8.19018, -30.7939, -46.1983, -5.84783e+12, -3.0531e+12, -3.84209e+12, -2.71479e+16, 
-1.3479e+16, -1.85932e+16, 31.2826, 44.4633, 9.01133, 0.0899976, 0.0784122, 0.0154032, 382.772, 333.001, 65.9991, 53.5546, 19.8374, 55.2198, 0.109314, 0.131297, 
0.020431, 462.546, 555.565, 86.4512
