44.0837, 57.6058, 4.66721, 0.790242, 0.461923, 0.22745, 898.537, 525.225, 258.62, 29.107, 18.5146, 47.3809, 26.1721, -15.5171, -25.104, 4328.38, 
-2567.89, -4153.75, 57.3186, 33.178, 45.4369, 2.52996e+13, 1.16428e+13, 1.62625e+13, 2.57594e+16, 1.17644e+16, 1.6904e+16, 52.9803, -43.5814, 38.5425, 52878.4, -498348, 
253508, 2.37237e+08, -2.0234e+09, 1.0343e+09, 50.1605, 57.3798, 48.1154, 0.160529, 0.145651, 0.0801232, 774.093, 702.347, 386.365, 57.0756, 20.681, 19.8978, 
0.152888, 0.187157, 0.209895, 643.039, 787.174, 882.808, 50.8498, 13.1152, 28.529, 2.10208, 0.701025, 3.80581, 416.097, 137.483, 762.692, 12.6054, 
42.8184, 35.6791, 1.1609e+07, 3.46068e+07, 1.15968e+07, 2.11553e+10, 6.28932e+10, 2.16397e+10, 8.30342, 45.5577, 35.5848, -6442.26, 3148.21, -3433.34, -2.64859e+06, 1.29969e+06, 
-1.58378e+06, 39.2832, 15.9299, 20.8515, 0.145463, 0.187202, 0.0303932, 541.007, 696.243, 113.038, 37.6879, -20.4997, 31.5785, 3.55463e+08, -2.83376e+08, 2.09201e+08, 
4.51218e+11, -3.50975e+11, 2.69405e+11, 59.5506, 32.6842, 54.8405, 100300, 11785.5, 415379, 4.43074e+08, 7.88961e+07, 1.74085e+09, 25.4197, 53.3332, 55.7195, 0.146352, 
0.207899, 0.0801084, 615.51, 874.356, 336.91, 26.0065, 29.863, 54.5212, 33498, 33293, 47006.9, 5.26117e+07, 5.33124e+07, 7.33273e+07, 11.2094, 20.4281, 
42.2592, 0.660342, 0.677993, 0.190746, 473.312, 485.965, 136.72, -57.0397, -21.3084, -11.6584, -1.20923e+10, -2.22114e+10, -4.18169e+10, -1.31374e+13, -2.25616e+13, -4.53275e+13, 
27.1251, 13.7946, 6.89423, 0.23336, 0.150461, 0.166829, 933.33, 601.772, 667.24, 27.638, -22.9092, 53.4687, 17476.8, -81311.7, 58640.7, 3.63804e+07, 
-2.38854e+08, 1.52557e+08, 20.7372, 24.133, 56.2132, -0.878629, 1.01853, 1.38381, -3102.69, 3583.78, 4874.1, 32.7023, 11.1092, -5.30092, 3.4541e+09, 2.0161e+10, 
-3.2313e+09, 3.29882e+12, 4.46293e+13, -7.93898e+12, 37.6334, 36.6331, 8.27595, 10.8051, 4.89273, 11.6235, 685.478, 310.397, 737.397, 18.1, 15.4925, 6.11716, 
14607.8, 28827, 22329.4, 3.86516e+07, 7.44035e+07, 6.11754e+07, 42.7903, 33.2581, 41.2053, 0.223333, 0.111442, 0.0191582, 578.531, 288.685, 49.6282, -19.2728, 
35.6428, -12.8029, -1.66343e+08, 1.32609e+08, -9.78979e+07, -4.51218e+11, 3.50975e+11, -2.69405e+11, 27.0186, 27.6991, 6.05795, 0.485987, 0.0176252, 0.136469, 794.06, 28.7981, 
222.978, 8.73747, 41.9933, 36.1885, 0.669864, 0.235618, -0.0445856, 792.823, 284.337, -54.4018, 19.0099, 38.599, 7.11066, 0.100684, 0.21242, 0.194474, 
386.972, 816.418, 747.445, 27.5159, 8.95414, 34.7866, 4.97802, -0.378109, -5.08273, 10262.5, -720.087, -11008, 24.2893, -42.9799, -31.2493, 79792.4, 
-212197, -628748, 3.64948e+08, -9.97777e+08, -2.77572e+09, 37.2526, 40.6383, 34.4697, 0.00344808, 0.145213, 0.0671691, 16.8794, 710.862, 328.813, 3.75808, 32.6967, 
2.5851, 0.075145, 0.575938, 0.451714, 88.4762, 677.857, 532.094, 42.4798, 48.8336, 17.3079, 0.164236, 0.292751, 0.252585, 560.082, 998.344, 861.368, 
29.1133, 5.60849, 58.8095, 0.0831733, -0.041351, 0.162148, 233.116, -113.327, 446.561, 36.222, 20.4799, 33.6361, 0.0397444, 0.235838, 0.209024, 106.203, 
630.194, 558.542, -37.7385, 24.6479, 28.5684, -100900, 268960, 797025, -3.6407e+08, 9.97769e+08, 2.776e+09, 38.3947, 10.615, 41.1302, 0.456575, 0.430323, 
0.254267, 976.107, 919.983, 543.596, 25.5375, 21.5094, 28.6938, 0.158232, 0.188291, 0.00257956, 657.954, 782.946, 10.7262, 27.2866, 53.6467, 32.7445, 
1.02383, -7.0203, -27.2986, 1001.03, -5546.96, -20304, 52.6327, 44.7625, 47.2777, 0.246094, 0.171034, 0.0360134, 775.787, 536.62, 111.103, 54.542, 
7.79631, 10.562, 0.172275, 0.140488, 0.206283, 761.372, 620.889, 911.675, 45.3952, 15.3109, 34.4613, 0.0596589, 0.0104967, 0.0858761, 100.787, 17.733, 
145.078, 47.6489, 57.1903, 54.636, 1.72123, 1.61615, 0.200054, 695.519, 653.057, 80.8383, -37.0881, -28.7739, 37.1989, -1.08163e+08, -1.05172e+08, 1.01382e+08, 
-1.56921e+11, -1.1965e+11, 1.17831e+11, 8.94543, 43.2767, 4.02993, 0.791978, 0.776296, 0.547418, 518.183, 507.922, 358.17, 41.2599, 16.0688, 5.79484, 0.0800395, 
0.193225, 0.140272, 337.595, 814.996, 591.648, 16.9717, 40.304, 28.3239, 0.13084, 0.209789, 0.20556, 614.237, 984.871, 965.017, 38.5316, 4.05732, 
3.12055, -101.268, 3560.98, -1037.57, 440478, 6.66405e+06, -2.10539e+06, 56.1499, 16.2378, 48.8055, 0.899184, 0.222678, 0.295215, 879.734, 217.862, 288.83, 
19.2576, 18.6149, 28.526, 0.129715, 0.313978, 0.0351797, 308.716, 747.254, 83.726, 14.3614, 31.6968, 37.6934, 0.122332, 0.265476, 0.0628045, 410.367, 
890.549, 210.68, 37.1575, 36.1427, 56.5559, 0.0538404, 0.150384, 0.067274, 250.159, 698.731, 312.576, 34.3313, 52.4879, 37.424, 0.175533, 0.220575, 
0.103476, 767.525, 964.47, 452.45, 36.4264, 4.89281, 10.5504, 0.101561, 0.130226, 0.14523, 435.701, 558.676, 623.045, -39.8711, -51.1615, -56.5785, 
-2.38955e+08, -7.12332e+08, -2.38704e+08, -2.11553e+10, -6.28932e+10, -2.16398e+10, 13.0218, 38.6294, -43.751, 7.07558e+07, 4.06527e+08, -1.27978e+08, 1.72387e+11, 1.19006e+12, -4.10535e+11, 41.9729, 
34.4117, 45.6258, 0.0991306, 0.269173, 0.229941, 177.132, 480.973, 410.871, 42.7281, -59.9832, -29.0595, 3.74726e+08, -2.87428e+08, -3.7272e+08, 1.05625e+12, -7.82972e+11, 
-9.7425e+11, 58.9549, 12.5727, 33.1597, 0.172423, 0.280933, 0.294427, 398.186, 647.832, 717.081, 59.3507, 53.8882, 10.9772, 0.206947, 0.101835, 0.194673, 
959.575, 472.19, 902.662, 42.0527, 42.8724, 19.3836, 0.0899666, 0.129266, 0.242922, 294.924, 423.751, 796.334, 17.6615, 43.8964, 6.15972, 0.172035, 
0.0266747, 0.118069, 802.402, 124.416, 550.696, -19.7957, -12.226, 14.3486, -4.09989e+07, -1.86972e+08, 2.54797e+08, -1.0905e+11, -6.02002e+11, 7.75749e+11, 8.03465, 24.9638, 
23.0391, 0.454287, 0.530361, 0.0213969, 820.013, 957.329, 38.6225, 59.5742, 46.7843, 50.5462, 0.210744, 0.216028, 0.182484, 270.207, 276.982, 233.974, 
59.9631, 26.029, 33.5977, 3.37945, 0.362436, 7.4908, 343.264, 36.814, 760.868, 19.7665, 17.321, -13.6415, -14812.7, -19635.1, -21710.6, -4.66281e+07, 
-6.17615e+07, -6.58123e+07, 37.2557, 42.8208, 54.9446, 0.183606, 0.0397669, 0.0920769, 708.799, 153.518, 355.458, 1.0743, 38.7298, 16.8041, 0.166177, 0.078708, 
0.200177, 827.701, 392.032, 997.052, 24.4247, 54.1954, 11.97, -21.7636, -7.20714, 3.71836, -76232.2, -23226.2, 11380.8, 37.6657, 29.426, 49.3217, 
1.02357, 0.615532, 1.27413, 509.192, 306.207, 633.841, 21.265, 57.7487, 23.2979, 0.0450696, 0.0473669, 0.424354, 58.9647, 61.9702, 555.184, 31.7505, 
43.97, -16.6392, 6.37177e+07, 1.71471e+08, -2.20792e+08, 2.66027e+11, 7.21765e+11, -8.93693e+11, 46.4013, 7.60669, 25.0348, 0.568897, 0.812502, 0.237564, 652.212, 931.492, 
272.355, 20.2936, 47.0335, 21.1695, 0.188632, 0.0794434, 0.0704494, 815.599, 343.494, 304.606, 5.03105, 53.0403, 47.5168, 0.129621, 0.0872797, 0.165483, 
573.158, 385.935, 731.736, 20.9346, 29.2914, 59.9976, 58.5569, -56.699, 47.2845, 290358, -235475, 220373, 47.4673, 50.8777, 37.108, 1.23761, 
4.4127, 1.75042, 254.545, 907.579, 360.016, 54.5438, 48.3466, 37.4873, 0.0437505, 0.19717, 0.11473, 162.249, 731.207, 425.477, 31.172, 57.8142, 
27.6775, 0.570202, 0.315434, 0.684524, 805.929, 442.241, 964.527, 6.27161, 35.1124, 59.7383, 0.923918, 1.13023, 0.651119, 794.016, 971.303, 559.441, 
35.7675, 36.6329, 56.2504, 0.367517, 0.470219, 0.109947, 598.633, 765.921, 179.088, 59.3228, 5.55209, 50.2351, 0.0130368, 0.28777, 0.191509, 44.6171, 
984.858, 655.417, 21.8227, 13.9209, 2.26741, 1.34045, 1.34004, 0.0736743, 957.455, 957.162, 52.6241, 14.3072, 26.602, 2.87363, 0.487009, 0.178447, 
0.0453452, 470.701, 172.472, 43.8268, 22.5225, 17.4704, 20.9292, 2.72177e+09, 5.44571e+09, 1.07868e+10, 1.19086e+13, 2.21546e+13, 4.67121e+13, -56.2858, -28.5356, 2.59355, 
-36207.4, -858453, 1.4193e+06, -1.36161e+08, -3.51175e+09, 5.56996e+09, 4.55675, 22.6749, 27.248, 2.24651, 2.21219, 2.64088, 476.679, 469.397, 560.357, 40.4038, 
6.10585, 22.9993, 0.122942, 0.0834765, 0.2015, 491.412, 333.664, 805.415, -28.5122, -1.24764, -53.6194, -8.27694e+06, -971079, -3.42565e+07, -4.4331e+08, -7.8847e+07, 
-1.74065e+09, -11.13, 28.9258, -21.376, -51750.3, 487896, -248190, -2.3716e+08, 2.02342e+09, -1.03431e+09, 16.2333, 32.4507, 54.1026, 0.206474, 0.0655978, 0.10824, 
481.806, 153.072, 252.578, 13.9701, 23.1816, 20.3875, 0.0409586, 0.268026, 0.0402888, 132.274, 865.579, 130.111, -48.6244, -22.8912, 4.00333, -1.79135e+09, 
-1.04558e+10, 1.6758e+09, -3.29882e+12, -4.46293e+13, 7.93898e+12, 30.052, 49.9277, 50.9938, 0.610019, 3.00419, 1.67574, 182.178, 897.178, 500.447, 29.2674, 41.1335, 
6.04899, 1.06699, 1.09627, 0.218644, 952.612, 978.745, 195.174, 39.7747, 59.2024, -12.2455, 351829, 1.26159e+07, -2.11786e+07, 8.19021e+07, 3.39755e+09, -5.45622e+09, 
4.5868, 29.8987, 22.5304, 7.89922, 9.92549, 10.1896, 760.993, 956.2, 981.646, -15.2093, -17.8227, -27.8752, -5.488e+12, -2.52557e+12, -3.52767e+12, -2.57594e+16, 
-1.17644e+16, -1.6904e+16, 31.288, 44.4681, 9.01224, 0.0898511, 0.0795527, 0.0149069, 382.378, 338.669, 63.9617, 53.5612, 19.8453, 55.221, 0.109314, 0.131297, 
0.020431, 462.546, 555.565, 86.4512
