44.1311, 57.6335, 4.68086, 0.790242, 0.461923, 0.22745, 898.537, 525.225, 258.62, 30.8519, 17.467, 45.6912, 31.7957, -19.2651, -31.0041, 5258.43, 
-3187.52, -5129.25, 59.4363, 57.0279, 39.5253, 2.72755e+13, 1.13491e+13, 1.45502e+13, 2.76299e+16, 1.23326e+16, 1.4479e+16, 46.0635, -35.9672, 34.4831, 167346, -511734, 
264724, 6.89725e+08, -2.09928e+09, 1.0473e+09, 50.1701, 57.3886, 48.1202, 0.160529, 0.145651, 0.0801232, 774.093, 702.347, 386.365, 57.0848, 20.6922, 19.9104, 
0.152888, 0.187157, 0.209895, 643.039, 787.174, 882.808, 50.9738, 13.1499, 28.7539, 2.02289, 0.51836, 3.77193, 406.522, 104.715, 767.177, 38.2474, 
19.5244, 20.9162, 1.38516e+07, 3.73197e+07, 1.28735e+07, 2.5372e+10, 6.86987e+10, 2.41752e+10, 30.813, 14.43, 56.5984, -8308.94, 5302.54, -879.075, -3.59045e+06, 2.12696e+06, 
-254313, 39.2919, 15.9412, 20.8533, 0.145463, 0.187202, 0.0303932, 541.007, 696.243, 113.038, 13.2342, -45.2582, 31.1155, 3.51921e+08, -2.81628e+08, 1.70046e+08, 
4.41428e+11, -3.89878e+11, 2.35928e+11, -4.00896, 17.9478, 50.0165, -79107.6, 66883.5, 369147, -3.00908e+08, 3.3373e+08, 1.66148e+09, 25.4284, 53.3457, 55.7243, 0.146352, 
0.207899, 0.0801084, 615.51, 874.356, 336.91, 23.5975, 42.8489, 32.1883, 44249.9, 28816.5, 45485.1, 6.97818e+07, 4.42435e+07, 7.07028e+07, 11.249, 20.4688, 
42.2707, 0.660342, 0.677993, 0.190746, 473.312, 485.965, 136.72, -6.75784, -14.0984, -58.2734, -2.47691e+10, -2.50764e+10, -6.8358e+10, -2.75103e+13, -2.66785e+13, -7.10188e+13, 
27.1391, 13.8036, 6.90424, 0.23336, 0.150461, 0.166829, 933.33, 601.772, 667.24, -14.6715, -23.6152, 2.85132, -19656.4, -71048.6, 2908.54, -4.17405e+07, 
-2.06965e+08, -1.21226e+07, 20.6764, 24.1996, 56.3047, -1.14074, 1.19331, 1.65588, -4025.57, 4202.87, 5833.41, 23.8243, 57.8125, -56.0394, 4.8707e+09, 4.55372e+10, 
-2.73555e+08, 1.86276e+13, 1.05799e+14, -2.05075e+12, 38.2817, 36.9266, 8.97336, 10.8051, 4.89273, 11.6235, 685.478, 310.397, 737.397, 6.53303, 39.9669, 15.4315, 
-4696.05, 34899, 10078.4, -2.28415e+07, 1.0117e+08, 2.57881e+07, 42.8037, 33.2647, 41.2065, 0.223333, 0.111442, 0.0191582, 578.531, 288.685, 49.6282, -42.9508, 
33.134, -6.29157, -1.64685e+08, 1.31791e+08, -7.95748e+07, -4.41428e+11, 3.89878e+11, -2.35928e+11, 27.0478, 27.7002, 6.06614, 0.485987, 0.0176252, 0.136469, 794.06, 28.7981, 
222.978, 8.77641, 42.0071, 36.1869, 0.654081, 0.204317, -0.0202087, 781.16, 233.628, -30.9241, 19.016, 38.6118, 7.12233, 0.100684, 0.21242, 0.194474, 
386.972, 816.418, 747.445, 27.843, 8.94635, 34.4772, 6.81379, -0.332673, -5.13719, 14426.3, -768.369, -10999.3, 53.6287, -3.42177, -24.7529, 178744, 
-365795, -715860, 8.37494e+08, -1.60208e+09, -3.29733e+09, 37.2528, 40.647, 34.4738, 0.00344808, 0.145213, 0.0671691, 16.8794, 710.862, 328.813, 3.7625, 32.7311, 
2.61222, 0.0725157, 0.574061, 0.453455, 85.3677, 676.329, 533.776, 42.4897, 48.8512, 17.3231, 0.164236, 0.292751, 0.252585, 560.082, 998.344, 861.368, 
29.1182, 5.60591, 58.8192, 0.0851399, -0.0419321, 0.163721, 238.546, -115.239, 454.749, 36.2243, 20.494, 33.6487, 0.0397444, 0.235838, 0.209024, 106.203, 
630.194, 558.542, -24.8504, 13.0482, 47.6927, -226399, 463797, 907451, -8.36878e+08, 1.60264e+09, 3.29763e+09, 38.4221, 10.6409, 41.1455, 0.456575, 0.430323, 
0.254267, 976.107, 919.983, 543.596, 25.547, 21.5207, 28.694, 0.158232, 0.188291, 0.00257956, 657.954, 782.946, 10.7262, 27.2621, 53.295, 31.0774, 
-1.04113, -4.1955, -29.3294, -751.577, -3307.16, -22083.9, 52.6386, 44.8443, 47.2895, -9.5095, 6.45481, 1.14924, -26271.8, 28554.9, -4398.91, 54.5523, 
7.80474, 10.5743, 0.172275, 0.140488, 0.206283, 761.372, 620.889, 911.675, 45.3988, 15.3115, 34.4664, 0.0596589, 0.0104967, 0.0858761, 100.787, 17.733, 
145.078, 47.7522, 57.2872, 54.648, 1.72123, 1.61615, 0.200054, 695.519, 653.057, 80.8383, -31.6411, -2.13564, 50.4264, -2.31306e+08, -3.75095e+07, 3.01969e+07, 
-3.07735e+11, -6.26328e+10, 3.00753e+10, 8.99295, 43.3233, 4.06278, 0.791978, 0.776296, 0.547418, 518.183, 507.922, 358.17, 41.2647, 16.0804, 5.80326, 0.0800395, 
0.193225, 0.140272, 337.595, 814.996, 591.648, 16.9795, 40.3166, 28.3363, 0.13084, 0.209789, 0.20556, 614.237, 984.871, 965.017, 1.97686, 49.0343, 
58.915, 1568.34, 2915.63, 1193.42, 2.23345e+06, 4.66404e+06, 1.49425e+06, 56.2038, 16.2512, 48.8232, 0.899184, 0.222678, 0.295215, 879.734, 217.862, 288.83, 
19.2654, 18.6337, 28.5281, 0.129715, 0.313978, 0.0351797, 308.716, 747.254, 83.726, 14.3688, 31.7128, 37.6972, 0.122332, 0.265476, 0.0628045, 410.367, 
890.549, 210.68, 37.1607, 36.1517, 56.5599, 0.0538404, 0.150384, 0.067274, 250.159, 698.731, 312.576, 34.3418, 52.5012, 37.4302, 0.175533, 0.220575, 
0.103476, 767.525, 964.47, 452.45, 36.4325, 4.90063, 10.5592, 0.101561, 0.130226, 0.14523, 435.701, 558.676, 623.045, -13.342, -13.1182, -45.0934, 
-2.85115e+08, -7.68173e+08, -2.64984e+08, -2.5372e+10, -6.86986e+10, -2.41752e+10, 37.243, 32.14, -26.8664, 2.87317e+08, 3.51049e+08, -1.11185e+08, 8.76968e+11, 1.04985e+12, -3.29405e+11, 41.9788, 
34.4278, 45.6396, 0.0991306, 0.269173, 0.229941, 177.132, 480.973, 410.871, 26.2216, -20.6552, -6.85218, 4.53919e+08, -3.40164e+08, -2.7394e+08, 1.27479e+12, -9.39096e+11, 
-7.37674e+11, 58.966, 12.5857, 33.1798, 0.18824, 0.185803, 0.372455, 475.168, 458.847, 880.43, 59.3632, 53.8943, 10.9889, 0.206947, 0.101835, 0.194673, 
959.575, 472.19, 902.662, 42.0581, 42.8802, 19.3981, 0.0899666, 0.129266, 0.242922, 294.924, 423.751, 796.334, 17.6719, 43.898, 6.16681, 0.172035, 
0.0266747, 0.118069, 802.402, 124.416, 550.696, 42.1753, -37.7692, 5.02348, 5.14873e+07, -1.5112e+08, 3.09586e+08, 1.54463e+11, -4.55295e+11, 9.75962e+11, 8.0619, 24.9957, 
23.0404, 0.454287, 0.530361, 0.0213969, 820.013, 957.329, 38.6225, 59.5868, 46.7972, 50.5571, 0.210744, 0.216028, 0.182484, 270.207, 276.982, 233.974, 
0.0658947, 26.0507, 34.0471, 3.37945, 0.362436, 7.4908, 343.264, 36.814, 760.868, 33.3696, -25.9395, -33.7743, -21153.4, -17191.4, -21608.1, -6.51079e+07, 
-5.12988e+07, -6.49068e+07, 37.2667, 42.8232, 54.9501, 0.183606, 0.0397669, 0.0920769, 708.799, 153.518, 355.458, 1.08427, 38.7345, 16.8161, 0.166177, 0.078708, 
0.200177, 827.701, 392.032, 997.052, 23.3835, 54.024, 12.2216, -18.4458, 2.2415, 2.05439, -63476.5, 8564.34, 8568.27, 37.7271, 29.4629, 49.3982, 
1.02357, 0.615532, 1.27413, 509.192, 306.207, 633.841, 21.2677, 57.7516, 23.3234, 0.0450696, 0.0473669, 0.424354, 58.9647, 61.9702, 555.184, 18.2905, 
43.1967, -27.5795, 3.266e+07, 1.24028e+08, -2.39739e+08, 1.53337e+11, 5.18061e+11, -1.00616e+12, 46.4354, 7.65544, 25.049, 0.568897, 0.812502, 0.237564, 652.212, 931.492, 
272.355, 20.3049, 47.0382, 21.1737, 0.188632, 0.0794434, 0.0704494, 815.599, 343.494, 304.606, 5.03883, 53.0455, 47.5267, 0.129621, 0.0872797, 0.165483, 
573.158, 385.935, 731.736, 25.5319, 26.2404, 6.21386, 104.524, -29.9166, 119.247, 484068, -103426, 530012, 47.5415, 51.1425, 37.2131, 1.23761, 
4.4127, 1.75042, 254.545, 907.579, 360.016, 54.5464, 48.3584, 37.4942, 0.0437505, 0.19717, 0.11473, 162.249, 731.207, 425.477, 31.2066, 57.8334, 
27.7183, 0.573907, 0.329878, 0.680173, 807.588, 464.074, 962.487, 6.32715, 35.1803, 59.7773, 0.927342, 1.13351, 0.647149, 796.971, 974.135, 556.017, 
35.7896, 36.6611, 56.257, 0.367517, 0.470219, 0.109947, 598.633, 765.921, 179.088, 59.3236, 5.56936, 50.2466, 0.0130368, 0.28777, 0.191509, 44.6171, 
984.858, 655.417, 21.9032, 14.0013, 2.27183, 1.34045, 1.34004, 0.0736743, 957.455, 957.162, 52.6241, 14.3364, 26.6127, 2.87635, 0.487009, 0.178447, 
0.0453452, 470.701, 172.472, 43.8268, 20.7875, 32.9248, 34.188, 5.67994e+09, 6.23653e+09, 1.73403e+10, 2.53586e+13, 2.65679e+13, 7.20859e+13, -15.2095, -10.1716, 30.954, 
-356897, -792837, 1.35374e+06, -1.68042e+09, -3.28015e+09, 5.34672e+09, 4.69154, 22.8077, 27.4065, 2.24651, 2.21219, 2.64088, 476.679, 469.397, 560.357, 40.4112, 
6.11086, 23.0114, 0.122942, 0.0834765, 0.2015, 491.412, 333.664, 805.415, 21.6718, -3.84067, -43.7303, 6.52204e+06, -5.5142e+06, -3.04462e+07, 3.00774e+08, -3.33603e+08, 
-1.66146e+09, -41.2481, 47.0384, -45.205, -163818, 500993, -259170, -6.8966e+08, 2.09927e+09, -1.04731e+09, 16.2457, 32.4546, 54.109, 0.206474, 0.0655978, 0.10824, 
481.806, 153.072, 252.578, 13.9725, 23.1977, 20.3899, 0.0409586, 0.268026, 0.0402888, 132.274, 865.579, 130.111, -54.2184, -21.2221, 6.08443, -2.52602e+09, 
-2.36163e+10, 1.4187e+08, -1.86276e+13, -1.05799e+14, 2.05075e+12, 30.0886, 50.1079, 51.0944, 0.610019, 3.00419, 1.67574, 182.178, 897.178, 500.447, 29.3314, 41.1992, 
6.06205, 1.06572, 1.09417, 0.216761, 951.471, 976.853, 193.48, 9.03065, 8.10223, -23.6253, 5.20538e+06, 1.15601e+07, -2.01104e+07, 1.61863e+09, 3.14348e+09, -5.22204e+09, 
5.06075, 30.4942, 23.1418, 7.89922, 9.92549, 10.1896, 760.993, 956.2, 981.646, -33.5352, -43.6223, -45.958, -5.91663e+12, -2.46186e+12, -3.15624e+12, -2.76299e+16, 
-1.23326e+16, -1.4479e+16, 31.2935, 44.4728, 9.01314, 0.0903754, 0.0798818, 0.0151735, 383.919, 339.22, 64.7598, 53.5677, 19.8532, 55.2222, 0.109314, 0.131297, 
0.020431, 462.546, 555.565, 86.4512
