44.1785, 57.6612, 4.69451, 0.790242, 0.461923, 0.22745, 898.537, 525.225, 258.62, 32.9718, 16.1712, 43.6103, 38.6333, -23.767, -38.1079, 6389.26, 
-3931.88, -6303.88, 48.2116, 51.2894, 6.54352, 3.16243e+13, 1.56854e+13, 2.24772e+13, 3.17476e+16, 1.67431e+16, 2.32007e+16, 20.3707, -6.12044, 5.13883, 186434, -584702, 
261100, 7.88808e+08, -2.34078e+09, 1.03575e+09, 50.1797, 57.3973, 48.125, 0.160529, 0.145651, 0.0801232, 774.093, 702.347, 386.365, 57.094, 20.7035, 19.923, 
0.152888, 0.187157, 0.209895, 643.039, 787.174, 882.808, 51.0939, 13.1776, 28.9811, 2.07338, 0.441913, 3.93604, 416.803, 85.2666, 794.193, 11.4122, 
41.3446, 15.1033, 1.63514e+07, 3.77391e+07, 9.76956e+06, 2.99395e+10, 6.97092e+10, 1.70891e+10, 5.20674, 50.8379, 40.3557, -7057.46, 1183.36, 403.269, -3.14318e+06, 655308, 
364429, 39.3006, 15.9524, 20.8551, 0.145463, 0.187202, 0.0303932, 541.007, 696.243, 113.038, 42.5523, -42.8062, 6.65538, 3.61024e+08, -1.97073e+08, 2.71762e+08, 
4.93234e+11, -2.76689e+11, 3.75871e+11, -38.9731, 57.3551, 35.06, -119781, 76911.6, 419275, -6.01479e+08, 4.13065e+08, 1.89022e+09, 25.4372, 53.3582, 55.7291, 0.146352, 
0.207899, 0.0801084, 615.51, 874.356, 336.91, 38.0482, 59.1949, 51.266, 48296.5, 16999.5, 62212.8, 7.18163e+07, 2.26264e+07, 9.01201e+07, 11.2886, 20.5094, 
42.2821, 0.659023, 0.680601, 0.193227, 471.422, 489.703, 140.278, -53.6734, -17.3218, -44.0172, -1.1469e+10, -2.68235e+10, -9.50089e+10, -1.09596e+13, -2.93296e+13, -9.72237e+13, 
27.1531, 13.8127, 6.91425, 0.23336, 0.150461, 0.166829, 933.33, 601.772, 667.24, -21.246, -23.3627, 43.3025, -37871.3, -31341.2, -18449.1, -1.18322e+08, 
-8.89201e+07, -6.08787e+07, 20.5982, 24.2777, 56.4144, -1.45818, 1.40428, 1.98535, -5142.46, 4944.32, 6992.39, -8.01941, 8.20311, -24.3298, -1.03216e+10, 7.03251e+10, 
-9.54719e+09, -2.29498e+13, 1.45529e+14, -2.51787e+13, 38.93, 37.2202, 9.67077, 10.8051, 4.89273, 11.6235, 685.478, 310.397, 737.397, 24.5342, 13.8254, 0.0361404, 
-11357.9, 37311.8, -5548.08, -2.52147e+07, 1.02016e+08, -1.13888e+07, 46.1131, 28.2883, 44.4834, 291.561, -387.846, -54.172, 1.36827e+06, -1.41797e+06, -87837.2, -59.0825, 
22.1383, -19.5805, -1.68945e+08, 9.22225e+07, -1.27174e+08, -4.93234e+11, 2.76689e+11, -3.75871e+11, 30.0162, 25.5171, 11.0567, 249.366, -111.699, 356.543, 572863, -201120, 
769655, 8.81375, 42.0204, 36.1845, 0.631637, 0.223244, -0.0213425, 754.62, 269.568, -21.0464, 19.022, 38.6245, 7.134, 0.100684, 0.21242, 0.194474, 
386.972, 816.418, 747.445, 28.2523, 8.96688, 34.1515, 6.11931, 1.38029, -5.24102, 12914.7, 3085.5, -11173.4, 44.5321, -31.6438, -15.2582, -13323.6, 
-319997, -753623, -1.34061e+08, -1.41854e+09, -3.40179e+09, 37.253, 40.6557, 34.4778, 0.00344808, 0.145213, 0.0671691, 16.8794, 710.862, 328.813, 3.7668, 32.7655, 
2.63961, 0.0708586, 0.572116, 0.460357, 83.2966, 673.853, 542.442, 42.4995, 48.8687, 17.3382, 0.164236, 0.292751, 0.252585, 560.082, 998.344, 861.368, 
29.1233, 5.60385, 58.8294, 0.0880237, -0.0320394, 0.176287, 245.279, -89.9683, 487.139, 36.2267, 20.5082, 33.6612, 0.0397444, 0.235838, 0.209024, 106.203, 
630.194, 558.542, 28.1476, 37.669, 2.77164, 17243.6, 405734, 955329, 1.35294e+08, 1.419e+09, 3.40215e+09, 38.4495, 10.6667, 41.1607, 0.456575, 0.430323, 
0.254267, 976.107, 919.983, 543.596, 25.5565, 21.532, 28.6941, 0.158232, 0.188291, 0.00257956, 657.954, 782.946, 10.7262, 27.2839, 53.0772, 29.3573, 
2.51975, -3.75119, -29.1073, 2110.63, -2847.98, -22088.5, 51.3774, 46.1022, 46.8726, -19.0973, 32.6152, -10.9408, -54528.8, 104953, -34177, 54.5627, 
7.81317, 10.5867, 0.172275, 0.140488, 0.206283, 761.372, 620.889, 911.675, 45.4024, 15.3122, 34.4716, 0.0596589, 0.0104967, 0.0858761, 100.787, 17.733, 
145.078, 47.8555, 57.3842, 54.66, 1.72123, 1.61615, 0.200054, 695.519, 653.057, 80.8383, -45.5744, 46.8908, 25.2419, -1.44923e+08, 1.99725e+07, 2.22443e+08, 
-1.61979e+11, 4.44925e+10, 2.70922e+11, 9.04047, 43.3699, 4.09562, 0.791978, 0.776296, 0.547418, 518.183, 507.922, 358.17, 41.2695, 16.092, 5.81167, 0.0800395, 
0.193225, 0.140272, 337.595, 814.996, 591.648, 16.9874, 40.3292, 28.3486, 0.13084, 0.209789, 0.20556, 614.237, 984.871, 965.017, 25.9614, 11.0667, 
16.5054, 1891.32, 2924.75, 2364.23, 3.06487e+06, 4.57624e+06, 4.36664e+06, 56.2578, 16.2646, 48.8409, 0.899184, 0.222678, 0.295215, 879.734, 217.862, 288.83, 
19.2732, 18.6526, 28.5302, 0.129715, 0.313978, 0.0351797, 308.716, 747.254, 83.726, 14.3761, 31.7287, 37.701, 0.122332, 0.265476, 0.0628045, 410.367, 
890.549, 210.68, 37.1639, 36.1607, 56.564, 0.0538404, 0.150384, 0.067274, 250.159, 698.731, 312.576, 34.3524, 52.5144, 37.4364, 0.175533, 0.220575, 
0.103476, 767.525, 964.47, 452.45, 36.4386, 4.90844, 10.5679, 0.101561, 0.130226, 0.14523, 435.701, 558.676, 623.045, -6.46978, -32.9285, -55.7258, 
-3.36571e+08, -7.76807e+08, -2.01093e+08, -2.99395e+10, -6.97092e+10, -1.70891e+10, 0.728085, 42.5017, 11.166, 2.18988e+08, 3.35934e+08, 1.4737e+07, 6.40133e+11, 1.00873e+12, 5.75604e+10, 41.9848, 
34.444, 45.6534, 0.0991306, 0.269173, 0.229941, 177.132, 480.973, 410.871, 47.1969, -56.0311, -26.5017, 5.20089e+08, -4.88481e+08, -3.5619e+08, 1.40834e+12, -1.32868e+12, 
-9.925e+11, 58.9796, 12.601, 33.207, 0.216492, 0.312901, 0.559325, 551.905, 760.38, 1387.63, 59.3756, 53.9004, 11.0006, 0.206947, 0.101835, 0.194673, 
959.575, 472.19, 902.662, 42.0635, 42.8879, 19.4127, 0.0899666, 0.129266, 0.242922, 294.924, 423.751, 796.334, 17.6822, 43.8996, 6.17389, 0.172035, 
0.0266747, 0.118069, 802.402, 124.416, 550.696, 44.8072, -16.1845, 0.980324, 4.91811e+07, -2.43476e+08, 3.61754e+08, 1.36033e+11, -7.38721e+11, 1.0949e+12, 8.08916, 25.0275, 
23.0417, 0.454287, 0.530361, 0.0213969, 820.013, 957.329, 38.6225, 59.5995, 46.8102, 50.5681, 0.210744, 0.216028, 0.182484, 270.207, 276.982, 233.974, 
0.268662, 26.0725, 34.4966, 3.37945, 0.362436, 7.4908, 343.264, 36.814, 760.868, -57.0222, 9.955, -9.29075, -23270.1, -11633.4, -31091, -6.78942e+07, 
-3.03947e+07, -8.84879e+07, 37.2778, 42.8256, 54.9557, 0.183606, 0.0397669, 0.0920769, 708.799, 153.518, 355.458, 1.09424, 38.7393, 16.8281, 0.166177, 0.078708, 
0.200177, 827.701, 392.032, 997.052, 22.2099, 54.179, 12.3524, -23.1644, 3.78695, 1.58709, -82283, 13372, 5098.61, 37.7885, 29.4998, 49.4746, 
1.02357, 0.615532, 1.27413, 509.192, 306.207, 633.841, 21.2704, 57.7544, 23.3488, 0.0450696, 0.0473669, 0.424354, 58.9647, 61.9702, 555.184, 5.00033, 
35.7627, -32.641, 7.87657e+06, 1.75137e+08, -3.37556e+08, 2.60288e+10, 6.94357e+11, -1.36596e+12, 46.4695, 7.70419, 25.0633, 0.568897, 0.812502, 0.237564, 652.212, 931.492, 
272.355, 20.3162, 47.043, 21.1779, 0.188632, 0.0794434, 0.0704494, 815.599, 343.494, 304.606, 5.0466, 53.0508, 47.5366, 0.129621, 0.0872797, 0.165483, 
573.158, 385.935, 731.736, 31.7071, 25.6403, 12.6773, 55.8608, 14.4821, 42.6792, 124345, 83832.8, 14330, 47.6158, 51.4072, 37.3181, 1.23761, 
4.4127, 1.75042, 254.545, 907.579, 360.016, 54.549, 48.3703, 37.5011, 0.0437505, 0.19717, 0.11473, 162.249, 731.207, 425.477, 31.2411, 57.8525, 
27.7592, 0.571605, 0.316477, 0.693928, 804.375, 443.687, 979.685, 6.38292, 35.2485, 59.8159, 0.931373, 1.13735, 0.642586, 800.448, 977.445, 552.084, 
35.8116, 36.6894, 56.2636, 0.367517, 0.470219, 0.109947, 598.633, 765.921, 179.088, 59.3244, 5.58662, 50.258, 0.0130368, 0.28777, 0.191509, 44.6171, 
984.858, 655.417, 8.50162, 14.1481, 20.7263, -459.69, 62.9353, 714.095, -317037, -109107, 559384, 14.3657, 26.6234, 2.87907, 0.487009, 0.178447, 
0.0453452, 470.701, 172.472, 43.8268, 20.4112, 51.5688, 18.8745, 2.36266e+09, 6.78214e+09, 2.39622e+10, 8.91126e+12, 2.96496e+13, 9.81587e+13, -24.0905, -39.0413, 39.0241, 
-285450, -380192, 1.41865e+06, -1.39094e+09, -1.42753e+09, 5.65971e+09, 4.82634, 22.9404, 27.5649, 2.24651, 2.21219, 2.64088, 476.679, 469.397, 560.357, 40.4186, 
6.11587, 23.0235, 0.122942, 0.0834765, 0.2015, 491.412, 333.664, 805.415, 24.7835, -16.2044, -45.2708, 9.8768e+06, -6.34207e+06, -3.45802e+07, 6.01345e+08, -4.12992e+08, 
-1.89016e+09, -51.1713, 51.5016, -51.7474, -182502, 572429, -255621, -7.88724e+08, 2.34076e+09, -1.03576e+09, 16.2581, 32.4586, 54.1155, 0.206474, 0.0655978, 0.10824, 
481.806, 153.072, 252.578, 13.975, 23.2138, 20.3923, 0.0409586, 0.268026, 0.0402888, 132.274, 865.579, 130.111, 33.025, -35.6914, 13.2171, 5.35295e+09, 
-3.64718e+10, 4.95133e+09, 2.29498e+13, -1.45529e+14, 2.51787e+13, 30.1252, 50.2882, 51.1949, 0.610019, 3.00419, 1.67574, 182.178, 897.178, 500.447, 29.3953, 41.2648, 
6.07498, 1.06412, 1.0915, 0.214339, 950.043, 974.457, 191.305, 45.0603, 1.63033, -21.3472, 4.05093e+06, 5.29152e+06, -2.10881e+07, 1.30936e+09, 1.29749e+09, -5.53033e+09, 
5.53471, 31.0898, 23.7532, 7.89922, 9.92549, 10.1896, 760.993, 956.2, 981.646, -30.5458, -46.6176, -28.1205, -6.85997e+12, -3.40249e+12, -4.87577e+12, -3.17476e+16, 
-1.67431e+16, -2.32007e+16, 31.2989, 44.4776, 9.01405, 0.090574, 0.0801425, 0.01537, 384.777, 341.198, 65.1777, 53.5743, 19.861, 55.2235, 0.109314, 0.131297, 
0.020431, 462.546, 555.565, 86.4512
