44.2259, 57.689, 4.70815, 0.790242, 0.461923, 0.22745, 898.537, 525.225, 258.62, 35.5497, 14.5741, 41.0573, 47.4247, -29.8128, -46.6929, 7921.18, 
-5032.55, -7724.08, 49.2368, 18.1854, 8.56853, 2.93515e+13, 1.81909e+13, 2.68435e+13, 2.96506e+16, 1.82412e+16, 2.65409e+16, 0.71337, -3.21439, 52.019, 179147, -612809, 
155619, 7.52792e+08, -2.4707e+09, 6.23822e+08, 50.1894, 57.4061, 48.1298, 0.160529, 0.145651, 0.0801232, 774.093, 702.347, 386.365, 57.1032, 20.7147, 19.9356, 
0.152888, 0.187157, 0.209895, 643.039, 787.174, 882.808, 51.2197, 13.202, 29.2175, 2.07191, 0.685784, 3.91844, 415.374, 136.137, 795.649, 10.8917, 
55.5452, 24.7255, 1.63185e+07, 3.78458e+07, 1.06802e+07, 3.03828e+10, 6.88034e+10, 1.9536e+10, 53.4726, 9.77215, 30.612, -8059.87, 2133.9, -640.069, -3.50763e+06, 944720, 
-86261.6, 39.3094, 15.9636, 20.8569, 0.145463, 0.187202, 0.0303932, 541.007, 696.243, 113.038, 38.4549, -42.0073, 7.63657, 5.85837e+08, -5.55602e+07, 2.06594e+08, 
7.85506e+11, -8.48271e+10, 2.71629e+11, -39.1514, 1.32339, 45.9433, -47213.3, 212439, 393723, -1.49314e+08, 9.52469e+08, 1.6757e+09, 25.446, 53.3706, 55.7339, 0.146352, 
0.207899, 0.0801084, 615.51, 874.356, 336.91, 28.0031, 15.6025, 37.0371, 42284.6, 14674.1, 48426, 5.98924e+07, 1.82938e+07, 7.60236e+07, 11.3316, 20.5593, 
42.3006, 0.727278, 0.884898, 0.344082, 521.25, 634.372, 264.198, -29.3071, -45.8534, -37.5634, -9.66305e+09, -2.76329e+10, -8.77913e+10, -8.82376e+12, -3.04479e+13, -9.16262e+13, 
27.1671, 13.8217, 6.92425, 0.23336, 0.150461, 0.166829, 933.33, 601.772, 667.24, -8.58257, -39.1559, -18.9403, -41239, -75487.4, -39471.7, -1.30894e+08, 
-2.07439e+08, -8.39543e+07, 20.4986, 24.37, 56.5459, -1.84457, 1.66096, 2.38538, -6504.78, 5847.33, 8402.75, -33.6393, 39.9445, -34.738, -3.70597e+10, 7.12405e+10, 
-2.15021e+10, -8.63551e+13, 1.57583e+14, -4.35897e+13, 39.5783, 37.5138, 10.3682, 10.8051, 4.89273, 11.6235, 685.478, 310.397, 737.397, 9.27032, 49.3418, 11.1742, 
1364.32, 40943.4, -16122.9, -5.66733e+06, 1.24658e+08, -4.59433e+07, 8.88497, 31.1826, 8.07571, 362.892, 223.718, 711.261, 1.28077e+06, 657681, 1.92362e+06, -5.06526, 
33.7746, -46.0381, -2.74149e+08, 2.6e+07, -9.66781e+07, -7.85506e+11, 8.48271e+10, -2.71629e+11, 33.5028, 24.3493, 11.4137, -522.932, -149.408, -510.847, -515265, -372432, 
-313747, 8.85415, 42.032, 36.1849, 0.689506, 0.166153, 0.0014614, 822.034, 203.773, -6.46996, 19.0281, 38.6373, 7.14567, 0.100684, 0.21242, 0.194474, 
386.972, 816.418, 747.445, 28.5672, 9.03008, 33.8124, 5.07055, 1.34007, -5.74704, 10639.8, 3037.87, -12602.5, -59.479, -53.3224, -50.8395, -38435.4, 
-293503, -879363, -1.63601e+08, -1.25979e+09, -3.99488e+09, 37.2532, 40.6645, 34.4818, 0.00344808, 0.145213, 0.0671691, 16.8794, 710.862, 328.813, 3.77092, 32.7997, 
2.66735, 0.0677862, 0.569554, 0.46347, 79.879, 670.701, 545.971, 42.5094, 48.8863, 17.3534, 0.164236, 0.292751, 0.252585, 560.082, 998.344, 861.368, 
29.1287, 5.60195, 58.8397, 0.089115, -0.0351831, 0.165557, 242.524, -100.028, 455.909, 36.2291, 20.5223, 33.6737, 0.0397444, 0.235838, 0.209024, 106.203, 
630.194, 558.542, 21.0854, 9.85732, 45.15, 49065.1, 372221, 1.11463e+06, 1.64819e+08, 1.2605e+09, 3.99506e+09, 38.4768, 10.6927, 41.176, 0.419931, 0.477764, 
0.254534, 819.426, 1122.83, 544.737, 25.5659, 21.5432, 28.6943, 0.158232, 0.188291, 0.00257956, 657.954, 782.946, 10.7262, 27.588, 52.8206, 27.5024, 
5.25646, -6.41079, -30.361, 3915.12, -4752.28, -22656.1, 50.5784, 48.3733, 45.6098, -13.187, 41.2037, -20.0217, -49252.2, 134284, -57991.9, 54.573, 
7.8216, 10.5991, 0.172275, 0.140488, 0.206283, 761.372, 620.889, 911.675, 45.4059, 15.3128, 34.4768, 0.0596589, 0.0104967, 0.0858761, 100.787, 17.733, 
145.078, 47.9587, 57.4812, 54.672, 1.72123, 1.61615, 0.200054, 695.519, 653.057, 80.8383, 38.8948, 25.8718, 14.2315, 1.10065e+07, 9.708e+07, 1.21914e+08, 
6.47145e+09, 8.991e+10, 1.57573e+11, 9.08796, 43.4165, 4.12823, 0.784933, 0.786992, 0.488042, 508.964, 521.92, 280.472, 41.2743, 16.1036, 5.82009, 0.0800395, 
0.193225, 0.140272, 337.595, 814.996, 591.648, 16.9952, 40.3418, 28.3609, 0.13084, 0.209789, 0.20556, 614.237, 984.871, 965.017, 51.4492, 46.156, 
56.2766, -1554.71, 2314.89, 2211.8, -2.67316e+06, 4.62843e+06, 3.53501e+06, 56.3118, 16.2779, 48.8586, 0.899184, 0.222678, 0.295215, 879.734, 217.862, 288.83, 
19.281, 18.6714, 28.5323, 0.129715, 0.313978, 0.0351797, 308.716, 747.254, 83.726, 14.3834, 31.7446, 37.7048, 0.122332, 0.265476, 0.0628045, 410.367, 
890.549, 210.68, 37.1672, 36.1698, 56.568, 0.0538404, 0.150384, 0.067274, 250.159, 698.731, 312.576, 34.3629, 52.5276, 37.4426, 0.175533, 0.220575, 
0.103476, 767.525, 964.47, 452.45, 36.4447, 4.91625, 10.5766, 0.101561, 0.130226, 0.14523, 435.701, 558.676, 623.045, -50.9457, -28.0059, -45.2041, 
-3.35893e+08, -7.79002e+08, -2.19837e+08, -3.03829e+10, -6.88034e+10, -1.9536e+10, 23.007, 52.8774, 8.23031, 9.34182e+07, 2.78923e+08, 8.87104e+07, 2.39473e+11, 8.4588e+11, 2.82571e+11, 41.9907, 
34.4601, 45.6672, 0.0991306, 0.269173, 0.229941, 177.132, 480.973, 410.871, 55.0723, -56.6384, -50.5963, 4.23643e+08, -5.61818e+08, -2.53583e+08, 1.12792e+12, -1.55109e+12, 
-6.67821e+11, 58.9897, 12.6245, 33.2437, 0.157196, 0.454619, 0.587548, 422.448, 1143.75, 1398.57, 59.388, 53.9065, 11.0122, 0.206947, 0.101835, 0.194673, 
959.575, 472.19, 902.662, 42.0689, 42.8957, 19.4273, 0.0899666, 0.129266, 0.242922, 294.924, 423.751, 796.334, 17.6925, 43.9012, 6.18098, 0.172035, 
0.0266747, 0.118069, 802.402, 124.416, 550.696, 36.298, -54.758, 45.5153, 1.04959e+08, -1.93909e+08, 3.77029e+08, 3.49755e+11, -5.61519e+11, 1.16671e+12, 8.11642, 25.0593, 
23.043, 0.454287, 0.530361, 0.0213969, 820.013, 957.329, 38.6225, 59.6121, 46.8232, 50.579, 0.210744, 0.216028, 0.182484, 270.207, 276.982, 233.974, 
0.471429, 26.0942, 34.946, 3.37945, 0.362436, 7.4908, 343.264, 36.814, 760.868, 4.88096, 40.0185, -38.2278, -17345.8, -9524.49, -25243.5, -4.73867e+07, 
-2.53188e+07, -7.72842e+07, 37.2888, 42.8279, 54.9612, 0.183606, 0.0397669, 0.0920769, 708.799, 153.518, 355.458, 1.10421, 38.744, 16.8402, 0.166177, 0.078708, 
0.200177, 827.701, 392.032, 997.052, 20.7778, 54.313, 12.4922, -23.6842, 1.22273, 4.12697, -83564.2, 1759.8, 13698.7, 37.85, 29.5368, 49.551, 
1.02357, 0.615532, 1.27413, 509.192, 306.207, 633.841, 21.2731, 57.7573, 23.3743, 0.0450696, 0.0473669, 0.424354, 58.9647, 61.9702, 555.184, -53.7482, 
15.4456, -13.4289, -8.14816e+07, 1.14578e+08, -3.18075e+08, -3.56137e+11, 4.71714e+11, -1.32438e+12, 46.5037, 7.75294, 25.0775, 0.568897, 0.812502, 0.237564, 652.212, 931.492, 
272.355, 20.3275, 47.0478, 21.1821, 0.188632, 0.0794434, 0.0704494, 815.599, 343.494, 304.606, 5.05438, 53.056, 47.5465, 0.129621, 0.0872797, 0.165483, 
573.158, 385.935, 731.736, 40.8497, 23.0334, 21.1312, 375.65, -4.35332, 352.758, 1.44208e+06, 134332, 1.09258e+06, 47.6901, 51.672, 37.4231, 1.23761, 
4.4127, 1.75042, 254.545, 907.579, 360.016, 54.5516, 48.3821, 37.5079, 0.0437505, 0.19717, 0.11473, 162.249, 731.207, 425.477, 31.2749, 57.8718, 
27.8011, 0.558029, 0.328035, 0.697714, 784.798, 460.643, 986.829, 6.43894, 35.3168, 59.8543, 0.935996, 1.14173, 0.637475, 804.433, 981.216, 547.68, 
35.8337, 36.7176, 56.2702, 0.367517, 0.470219, 0.109947, 598.633, 765.921, 179.088, 59.3251, 5.60389, 50.2695, 0.0130368, 0.28777, 0.191509, 44.6171, 
984.858, 655.417, 15.5471, 55.2746, 2.02267, -2491.16, -649.985, -122.534, -1.89274e+06, -395939, -225324, 14.3949, 26.6341, 2.88179, 0.487009, 0.178447, 
0.0453452, 470.701, 172.472, 43.8268, 59.8125, 12.6809, 22.3263, 2.06611e+09, 7.07419e+09, 2.20375e+10, 7.45649e+12, 3.11532e+13, 9.20116e+13, -17.7781, -56.1638, 46.5199, 
-754221, -622732, 1.37617e+06, -3.07035e+09, -2.495e+09, 5.64901e+09, 4.96113, 23.0731, 27.7234, 2.24651, 2.21219, 2.64088, 476.679, 469.397, 560.357, 40.426, 
6.12088, 23.0356, 0.122942, 0.0834765, 0.2015, 491.412, 333.664, 805.415, 6.52095, -18.7642, -8.85448, 3.89108e+06, -1.75215e+07, -3.2473e+07, 1.4915e+08, -9.5246e+08, 
-1.67564e+09, -30.2116, 34.4285, -33.3443, -175367, 599947, -152356, -7.52707e+08, 2.4707e+09, -6.23834e+08, 16.2705, 32.4625, 54.122, 0.206474, 0.0655978, 0.10824, 
481.806, 153.072, 252.578, 13.9774, 23.2298, 20.3948, 0.0409586, 0.268026, 0.0402888, 132.274, 865.579, 130.111, 44.5782, -9.97651, 53.7957, 1.92198e+10, 
-3.69465e+10, 1.11513e+10, 8.63551e+13, -1.57583e+14, 4.35897e+13, 30.1618, 50.4684, 51.2955, 0.610019, 3.00419, 1.67574, 182.178, 897.178, 500.447, 29.4591, 41.3302, 
6.08775, 1.06219, 1.08822, 0.211313, 948.307, 971.509, 188.589, 59.4802, 29.1183, -1.33306, 1.11387e+07, 9.06216e+06, -2.0535e+07, 2.98392e+09, 2.38841e+09, -5.54602e+09, 
6.00866, 31.6853, 24.3645, 7.89922, 9.92549, 10.1896, 760.993, 956.2, 981.646, -37.9951, -37.9596, -46.7193, -6.36695e+12, -3.94599e+12, -5.82292e+12, -2.96506e+16, 
-1.82412e+16, -2.65409e+16, 31.3043, 44.4825, 9.01498, 0.0901115, 0.0802586, 0.0155803, 382.736, 341.832, 66.4365, 53.5809, 19.8689, 55.2247, 0.109314, 0.131297, 
0.020431, 462.546, 555.565, 86.4512
