44.2733, 57.7167, 4.7218, 0.790242, 0.461923, 0.22745, 898.537, 525.225, 258.62, 39.1013, 11.9443, 38.1277, 66.4445, -53.7988, -48.1469, 10971.3, 
-8919.73, -7896.43, 60.062, 41.3463, 26.9044, 3.47194e+13, 1.48477e+13, 2.81764e+13, 3.56436e+16, 1.45398e+16, 2.9151e+16, 35.4629, -32.258, 9.12279, 213336, -652210, 
194477, 8.57036e+08, -2.65984e+09, 7.97589e+08, 50.199, 57.4148, 48.1346, 0.160529, 0.145651, 0.0801232, 774.093, 702.347, 386.365, 57.1123, 20.7259, 19.9482, 
0.152888, 0.187157, 0.209895, 643.039, 787.174, 882.808, 51.348, 13.2475, 29.4718, 2.26975, 0.979962, 4.38466, 452.533, 197.909, 887.376, 21.4244, 
33.7809, 52.8319, 1.67285e+07, 3.51053e+07, 1.2238e+07, 3.07543e+10, 6.51592e+10, 2.17986e+10, 20.6797, 53.0342, 19.5472, -9772.22, 2580.68, 256.565, -4.407e+06, 1.3427e+06, 
265972, 39.3181, 15.9748, 20.8588, 0.145463, 0.187202, 0.0303932, 541.007, 696.243, 113.038, 5.59027, 32.5682, 55.469, 6.01011e+08, 4.23613e+07, 2.84882e+08, 
7.66196e+11, 5.13659e+10, 3.81303e+11, 17.0405, 35.4356, 53.2073, 61708.5, 251804, 326136, 2.57e+08, 1.06262e+09, 1.39309e+09, 25.4548, 53.3831, 55.7387, 0.146352, 
0.207899, 0.0801084, 615.51, 874.356, 336.91, 53.6581, 16.2329, 35.5346, 35034, 7121.37, 31201.8, 5.31947e+07, 1.16812e+07, 4.60863e+07, 11.3808, 20.6145, 
42.33, 0.764835, 1.00227, 0.436287, 540.174, 711.716, 302.511, 51.5884, -15.7724, -52.381, 1.94952e+10, -1.57179e+10, -1.01487e+11, 2.15582e+13, -1.8435e+13, -1.04805e+14, 
27.1811, 13.8307, 6.93426, 0.23336, 0.150461, 0.166829, 933.33, 601.772, 667.24, -1.65561, -60.0623, -55.7752, -80204.9, -158352, -43011.5, -1.99314e+08, 
-4.5519e+08, -1.38724e+08, 20.3732, 24.4793, 56.704, -2.32168, 1.97345, 2.86836, -8189.38, 6949.8, 10105.3, -40.3129, 55.1842, -7.20443, -3.47363e+10, 5.9468e+10, 
-4.73171e+09, -6.79655e+13, 1.30294e+14, -1.45834e+13, 40.2266, 37.8073, 11.0656, 10.8051, 4.89273, 11.6235, 685.478, 310.397, 737.397, 54.0635, 47.8547, -27.2641, 
40530.7, 41575.3, -22997.4, 1.25026e+08, 1.16255e+08, -6.15007e+07, 30.6159, 39.902, 32.7313, -478.558, 95.5165, 2413.72, -1.74853e+06, 561559, 5.76166e+06, -26.0162, 
-29.2322, -13.0006, -2.8125e+08, -1.98234e+07, -1.33314e+08, -7.66196e+11, -5.13659e+10, -3.81303e+11, 47.3723, 26.2445, 17.2036, -2624.76, 476.628, -3680.61, -4.76332e+06, 493428, 
-6.2433e+06, 8.89524, 42.0426, 36.1853, 0.662905, 0.163833, -0.00799178, 787.455, 185.856, -2.12985, 19.0341, 38.65, 7.15734, 0.100684, 0.21242, 0.194474, 
386.972, 816.418, 747.445, 28.858, 9.09468, 33.4564, 4.97618, 1.13934, -5.72309, 10610, 2756.36, -11933.5, 48.2382, -40.5777, -0.416442, 30036.5, 
-349203, -997572, 1.46109e+08, -1.50302e+09, -4.57438e+09, 37.2534, 40.6732, 34.4859, 0.00344808, 0.145213, 0.0671691, 16.8794, 710.862, 328.813, 3.77493, 32.8337, 
2.69531, 0.0651271, 0.564844, 0.466735, 76.5004, 664.819, 549.447, 42.5192, 48.9039, 17.3686, 0.164236, 0.292751, 0.252585, 560.082, 998.344, 861.368, 
29.1339, 5.59992, 58.8495, 0.0883158, -0.0380678, 0.162641, 245.838, -103.48, 451.748, 36.2315, 20.5365, 33.6863, 0.0397444, 0.235838, 0.209024, 106.203, 
630.194, 558.542, -36.8662, 39.124, 5.62558, -37827, 442684, 1.26445e+06, -1.45213e+08, 1.50323e+09, 4.57452e+09, 38.4719, 10.7702, 41.1763, -0.258548, 1.80822, 
-0.431483, -541.794, 3900.01, -996.637, 25.5754, 21.5545, 28.6944, 0.158232, 0.188291, 0.00257956, 657.954, 782.946, 10.7262, 27.9098, 52.6035, 25.8194, 
4.76348, -1.3532, -26.8624, 3428.2, -982.775, -20197.5, 49.5802, 50.8098, 44.1034, -22.5821, 36.7863, -20.6543, -70759.7, 114668, -72960.4, 54.5834, 
7.83003, 10.6115, 0.172275, 0.140488, 0.206283, 761.372, 620.889, 911.675, 45.3976, 15.3311, 34.4668, -2.92595, 4.44297, -3.69999, -9986.93, 14994.1, 
-12646.5, 48.062, 57.5781, 54.684, 1.72123, 1.61615, 0.200054, 695.519, 653.057, 80.8383, -30.013, -27.9701, 29.9868, -2.04328e+08, -1.81328e+08, 1.18881e+08, 
-2.87481e+11, -1.99406e+11, 1.53882e+11, 9.06232, 43.4347, 4.24081, -0.184103, 0.348522, 0.707766, -277.254, 236.267, 268.024, 41.2791, 16.1152, 5.82851, 0.0800395, 
0.193225, 0.140272, 337.595, 814.996, 591.648, 17.0031, 40.3544, 28.3733, 0.13084, 0.209789, 0.20556, 614.237, 984.871, 965.017, 19.7055, 54.5257, 
13.6816, -1023.46, 1228.18, 887.238, -2.09311e+06, 2.4845e+06, 1.1108e+06, 56.3657, 16.2913, 48.8763, 0.899184, 0.222678, 0.295215, 879.734, 217.862, 288.83, 
19.2888, 18.6903, 28.5345, 0.129715, 0.313978, 0.0351797, 308.716, 747.254, 83.726, 14.3908, 31.7606, 37.7085, 0.122332, 0.265476, 0.0628045, 410.367, 
890.549, 210.68, 37.1704, 36.1788, 56.572, 0.0538404, 0.150384, 0.067274, 250.159, 698.731, 312.576, 34.3734, 52.5409, 37.4488, 0.175533, 0.220575, 
0.103476, 767.525, 964.47, 452.45, 36.4508, 4.92407, 10.5853, 0.101561, 0.130226, 0.14523, 435.701, 558.676, 623.045, -58.6896, -17.5704, -47.8742, 
-3.44333e+08, -7.22593e+08, -2.51901e+08, -3.07543e+10, -6.51592e+10, -2.17987e+10, 42.9216, 39.4711, 45.7946, 1.83907e+07, 2.81982e+08, 1.27227e+08, 6.48891e+10, 8.30661e+11, 3.8192e+11, 41.9967, 
34.4763, 45.681, 0.0991306, 0.269173, 0.229941, 177.132, 480.973, 410.871, 53.2225, -24.6785, -40.6283, 4.36156e+08, -4.43539e+08, -1.87299e+08, 1.18951e+12, -1.20576e+12, 
-4.72159e+11, 59.0038, 12.659, 33.2846, 0.259656, 0.672199, 0.800362, 648.671, 1613.16, 2000.28, 59.4004, 53.9126, 11.0239, 0.206947, 0.101835, 0.194673, 
959.575, 472.19, 902.662, 42.0743, 42.9035, 19.4419, 0.0899666, 0.129266, 0.242922, 294.924, 423.751, 796.334, 17.7028, 43.9028, 6.18806, 0.172035, 
0.0266747, 0.118069, 802.402, 124.416, 550.696, 4.43533, -29.7648, 33.0967, 1.30902e+08, -2.19338e+08, 3.73487e+08, 4.10302e+11, -6.7117e+11, 1.16796e+12, 8.14367, 25.0911, 
23.0442, 0.454287, 0.530361, 0.0213969, 820.013, 957.329, 38.6225, 59.6248, 46.8361, 50.59, 0.210744, 0.216028, 0.182484, 270.207, 276.982, 233.974, 
0.674196, 26.1159, 35.3955, 3.37945, 0.362436, 7.4908, 343.264, 36.814, 760.868, 28.4704, 50.3521, 0.240344, -13303.6, -5393.6, -17914.4, -3.86455e+07, 
-1.77722e+07, -5.09757e+07, 37.2998, 42.8303, 54.9667, 0.183606, 0.0397669, 0.0920769, 708.799, 153.518, 355.458, 1.11418, 38.7487, 16.8522, 0.166177, 0.078708, 
0.200177, 827.701, 392.032, 997.052, 19.2808, 54.4111, 12.6548, -26.4688, 4.08719, 1.77785, -92910, 15082.9, 7234.49, 37.9114, 29.5737, 49.6275, 
1.02357, 0.615532, 1.27413, 509.192, 306.207, 633.841, 21.2758, 57.7601, 23.3998, 0.0450696, 0.0473669, 0.424354, 58.9647, 61.9702, 555.184, -0.232113, 
10.3654, -36.9318, -3.4723e+07, 2.18921e+08, -3.14508e+08, -1.22729e+11, 8.70654e+11, -1.32195e+12, 46.5378, 7.80169, 25.0918, 0.568897, 0.812502, 0.237564, 652.212, 931.492, 
272.355, 20.3388, 47.0525, 21.1864, 0.188632, 0.0794434, 0.0704494, 815.599, 343.494, 304.606, 5.06216, 53.0612, 47.5565, 0.129621, 0.0872797, 0.165483, 
573.158, 385.935, 731.736, 52.4561, 20.3947, 29.4986, 1236.16, -173.163, 1463.84, 6.22051e+06, -490226, 7.05069e+06, 47.7643, 51.9368, 37.5281, 1.23761, 
4.4127, 1.75042, 254.545, 907.579, 360.016, 54.5543, 48.3939, 37.5148, 0.0437505, 0.19717, 0.11473, 162.249, 731.207, 425.477, 31.3081, 57.8907, 
27.8438, 0.550387, 0.308838, 0.717748, 778.914, 434.485, 1014.3, 6.49527, 35.3855, 59.8924, 0.941197, 1.14662, 0.631856, 808.914, 985.432, 542.841, 
35.8557, 36.7458, 56.2768, 0.367517, 0.470219, 0.109947, 598.633, 765.921, 179.088, 59.3259, 5.62116, 50.281, 0.0130368, 0.28777, 0.191509, 44.6171, 
984.858, 655.417, 37.8811, 34.7046, 20.8373, -2674.18, -591.612, 787.578, -1.92187e+06, -518347, 633642, 14.4241, 26.6448, 2.88451, 0.487009, 0.178447, 
0.0453452, 470.701, 172.472, 43.8268, -21.9445, 23.8217, 49.2285, -5.17279e+09, 4.01687e+09, 2.53874e+10, -2.28125e+13, 1.88104e+13, 1.04895e+14, -34.7428, -3.82819, 15.8242, 
-632755, -111471, 1.17173e+06, -2.37294e+09, -3.14904e+08, 4.8218e+09, 5.09592, 23.2059, 27.8819, 2.24651, 2.21219, 2.64088, 476.679, 469.397, 560.357, 40.4333, 
6.12589, 23.0477, 0.122942, 0.0834765, 0.2015, 491.412, 333.664, 805.415, -57.2114, -21.0076, -24.3865, -5.09273e+06, -2.07663e+07, -2.68969e+07, -2.57154e+08, -1.06249e+09, 
-1.39296e+09, -32.1923, 46.9614, -59.8808, -208837, 638519, -190397, -8.56941e+08, 2.65983e+09, -7.97595e+08, 15.9171, 38.0283, 55.1078, -91.2298, 1390.53, 244.935, 
-426250, 6.4894e+06, 1.14286e+06, 13.9799, 23.2459, 20.3972, 0.0409586, 0.268026, 0.0402888, 132.274, 865.579, 130.111, 22.0674, -54.5343, 31.8694, 1.80148e+10, 
-3.08411e+10, 2.45394e+09, 6.79655e+13, -1.30294e+14, 1.45834e+13, 30.1984, 50.6487, 51.396, 0.610019, 3.00419, 1.67574, 182.178, 897.178, 500.447, 29.5228, 41.3954, 
6.10031, 1.05989, 1.08426, 0.20761, 946.241, 967.958, 185.266, 4.5047, 1.98255, -15.8463, 9.28758e+06, 1.38787e+06, -1.74277e+07, 2.28533e+09, 2.34981e+08, -4.71687e+09, 
6.48261, 32.2808, 24.9759, 7.89922, 9.92549, 10.1896, 760.993, 956.2, 981.646, -46.5531, -13.4584, -43.6188, -7.53136e+12, -3.22078e+12, -6.11205e+12, -3.56436e+16, 
-1.45398e+16, -2.9151e+16, 31.3097, 44.4873, 9.01592, 0.0901048, 0.0814872, 0.0158986, 383.67, 346.109, 67.6516, 53.5874, 19.8768, 55.2259, 0.109314, 0.131297, 
0.020431, 462.546, 555.565, 86.4512
