44.3208, 57.7444, 4.73545, 0.790242, 0.461923, 0.22745, 898.537, 525.225, 258.62, 42.8894, 8.49847, 35.9588, 49.9821, -54.4521, -14.6263, 8034.96, 
-8872.91, -2163.36, 54.8419, 39.8507, 50.855, 3.91633e+13, 8.40426e+12, 3.42662e+13, 4.05108e+16, 7.94792e+15, 3.49211e+16, 4.30887, -3.08091, 6.05601, 252189, -595389, 
95148.5, 1.00937e+09, -2.43639e+09, 3.70866e+08, 50.2086, 57.4235, 48.1394, 0.160529, 0.145651, 0.0801232, 774.093, 702.347, 386.365, 57.1215, 20.7372, 19.9608, 
0.152888, 0.187157, 0.209895, 643.039, 787.174, 882.808, 51.4978, 13.2994, 29.7267, 2.5625, 0.878517, 4.36219, 518.766, 171.062, 883.828, 40.7973, 
16.1195, 14.9524, 1.71399e+07, 3.78658e+07, 1.67152e+07, 3.09843e+10, 7.0287e+10, 3.14522e+10, 22.2061, 52.8508, 21.543, -9892.96, 42.8976, 58.9147, -4.50355e+06, -30775.3, 
-165877, 39.3268, 15.9861, 20.8606, 0.145463, 0.187202, 0.0303932, 541.007, 696.243, 113.038, 56.3059, 49.7331, 55.412, 5.3756e+08, 5.57188e+07, 2.83976e+08, 
7.0212e+11, 4.70029e+10, 3.85514e+11, 13.027, 48.019, 44.2909, 69374.3, 173728, 354612, 2.95704e+08, 6.82979e+08, 1.6184e+09, 25.4636, 53.3956, 55.7435, 0.146352, 
0.207899, 0.0801084, 615.51, 874.356, 336.91, 16.7402, 59.0362, 47.2111, 36884.7, -5906.91, 34785.2, 5.20513e+07, -1.06451e+07, 5.54804e+07, 11.4152, 20.6766, 
42.3605, 0.572494, 1.11716, 0.554951, 402.354, 811.539, 379.188, 12.6304, -5.70509, -41.6132, 4.67031e+08, -2.72262e+10, -1.05683e+11, -7.16898e+11, -2.75194e+13, -1.06333e+14, 
27.1951, 13.8398, 6.94427, 0.23336, 0.150461, 0.166829, 933.33, 601.772, 667.24, -38.1468, -36.1786, -22.8077, -112870, -148195, -49486.5, -3.22232e+08, 
-4.03429e+08, -1.16051e+08, 20.2156, 24.61, 56.8941, -2.91383, 2.3772, 3.44028, -10273.9, 8375.2, 12114.8, -7.92424, 16.4977, 55.2521, -1.8546e+09, 7.75277e+10, 
1.16758e+10, -1.05399e+13, 1.71639e+14, 2.95137e+13, 40.8748, 38.1, 11.7621, 10.7798, 4.67651, 11.3947, 682.278, 282.962, 708.37, 18.4174, 43.7674, 59.2835, 
41416.6, 62904.8, -5316.07, 1.094e+08, 1.85782e+08, -1.265e+07, 58.3065, 6.70551, 30.422, -2235.24, 535.828, 1732.5, -5.28609e+06, 1.6605e+06, 3.96528e+06, -22.8549, 
-31.5086, -38.5025, -2.51557e+08, -2.60742e+07, -1.3289e+08, -7.0212e+11, -4.70029e+10, -3.85514e+11, 13.6563, 27.3206, 14.7074, 3406.32, 2324.25, -2361.06, 6.91993e+06, 4.06493e+06, 
-5.30848e+06, 8.9359, 42.0526, 36.1839, 0.713918, 0.177286, -0.00630387, 856.134, 212.65, 0.884553, 19.0401, 38.6628, 7.16901, 0.100684, 0.21242, 0.194474, 
386.972, 816.418, 747.445, 29.144, 9.17978, 33.1558, 4.91727, 0.95338, -4.60419, 10479, 1971.91, -10196.3, 60.002, -51.1609, -16.6049, 39442.2, 
-339139, -1.07771e+06, 1.65843e+08, -1.57878e+09, -4.88908e+09, 37.2536, 40.6819, 34.4899, 0.00344808, 0.145213, 0.0671691, 16.8794, 710.862, 328.813, 3.77872, 32.8675, 
2.72338, 0.061847, 0.560664, 0.469137, 72.941, 659.877, 552.518, 42.5291, 48.9214, 17.3837, 0.164236, 0.292751, 0.252585, 560.082, 998.344, 861.368, 
29.1398, 5.59755, 58.8588, 0.104314, -0.0396575, 0.147915, 285.301, -107.97, 405.65, 36.2339, 20.5506, 33.6988, 0.0397444, 0.235838, 0.209024, 106.203, 
630.194, 558.542, -25.2009, 40.401, 46.0757, -49730.7, 430044, 1.36604e+06, -1.64899e+08, 1.5794e+09, 4.88917e+09, 38.5019, 10.8749, 41.0656, 1.9826, 1.18967, 
-3.94906, 4486.61, 2414.24, -8739.28, 25.5849, 21.5658, 28.6946, 0.158232, 0.188291, 0.00257956, 657.954, 782.946, 10.7262, 28.1702, 52.4064, 24.2619, 
4.26889, -4.18422, -25.9791, 3417.37, -3176.26, -19385.5, 48.1998, 53.6224, 42.8696, -30.3194, 67.5978, -21.9605, -94419.4, 205604, -73849.9, 54.5937, 
7.83846, 10.6239, 0.172275, 0.140488, 0.206283, 761.372, 620.889, 911.675, 35.7926, 1.32508, 27.4736, -483.773, -537.489, -219.554, -806930, -984723, 
-433858, 48.1653, 57.6751, 54.696, 1.72123, 1.61615, 0.200054, 695.519, 653.057, 80.8383, -20.4836, -22.1708, 32.541, -1.21658e+08, -3.35241e+08, 3.0741e+08, 
-1.85672e+11, -4.32329e+11, 3.65751e+11, 9.01411, 43.5443, 4.25688, -0.955212, 1.3077, -0.471562, -554.86, 775.677, -228.301, 41.2839, 16.1268, 5.83692, 0.0800395, 
0.193225, 0.140272, 337.595, 814.996, 591.648, 17.0109, 40.367, 28.3856, 0.13084, 0.209789, 0.20556, 614.237, 984.871, 965.017, 23.3871, 0.174858, 
31.7981, -504.499, -318.437, -281.569, -1.36324e+06, -366758, -760264, 56.4197, 16.3046, 48.894, 0.899184, 0.222678, 0.295215, 879.734, 217.862, 288.83, 
19.2965, 18.7091, 28.5366, 0.129715, 0.313978, 0.0351797, 308.716, 747.254, 83.726, 14.3981, 31.7765, 37.7123, 0.122332, 0.265476, 0.0628045, 410.367, 
890.549, 210.68, 37.1736, 36.1878, 56.5761, 0.0538404, 0.150384, 0.067274, 250.159, 698.731, 312.576, 34.3845, 52.5531, 37.4551, 0.300728, -0.0363322, 
0.123136, 1862.36, -1282.2, 624.378, 36.4569, 4.93188, 10.594, 0.101561, 0.130226, 0.14523, 435.701, 558.676, 623.045, -22.0401, -43.2081, -34.5595, 
-3.528e+08, -7.79414e+08, -3.44059e+08, -3.09843e+10, -7.0287e+10, -3.14522e+10, -4.62255, 25.4038, 10.048, -1.1802e+08, 2.59762e+08, 7.56161e+07, -3.82168e+11, 7.897e+11, 2.08577e+11, 42.0026, 
34.4924, 45.6948, 0.0991306, 0.269173, 0.229941, 177.132, 480.973, 410.871, 57.1139, -41.7779, -35.7913, 5.17968e+08, -4.32098e+08, -2.39455e+08, 1.38524e+12, -1.19154e+12, 
-6.34863e+11, 59.0155, 12.6965, 33.3326, 0.105122, 0.627955, 0.77425, 302.606, 1541.68, 1933.72, 59.4128, 53.9187, 11.0356, 0.206947, 0.101835, 0.194673, 
959.575, 472.19, 902.662, 42.0797, 42.9112, 19.4564, 0.0899666, 0.129266, 0.242922, 294.924, 423.751, 796.334, 17.7131, 43.9044, 6.19514, 0.172035, 
0.0266747, 0.118069, 802.402, 124.416, 550.696, 18.9403, -54.5897, 49.7937, 9.75979e+07, -2.27337e+08, 3.22535e+08, 3.03312e+11, -6.91334e+11, 1.00263e+12, 8.17093, 25.1229, 
23.0455, 0.454287, 0.530361, 0.0213969, 820.013, 957.329, 38.6225, 59.6374, 46.8491, 50.6009, 0.210744, 0.216028, 0.182484, 270.207, 276.982, 233.974, 
0.876964, 26.1377, 35.8449, 3.37945, 0.362436, 7.4908, 343.264, 36.814, 760.868, 24.758, 11.2252, 23.2568, -13324.3, 688.366, -18926.4, -3.54787e+07, 
2.94323e+06, -5.76416e+07, 37.3108, 42.8327, 54.9722, 0.183606, 0.0397669, 0.0920769, 708.799, 153.518, 355.458, 1.12415, 38.7534, 16.8642, 0.166177, 0.078708, 
0.200177, 827.701, 392.032, 997.052, 17.6818, 54.5805, 12.6489, -28.7969, 0.228337, -2.10917, -97492.4, -51.3383, -6077.39, 37.9728, 29.6106, 49.7039, 
1.02357, 0.615532, 1.27413, 509.192, 306.207, 633.841, 21.2786, 57.7629, 23.4252, 0.0450696, 0.0473669, 0.424354, 58.9647, 61.9702, 555.184, -23.5641, 
0.860172, -1.2719, -3.52968e+07, 2.72089e+08, -3.34441e+08, -1.17546e+11, 1.12371e+12, -1.36854e+12, 46.5719, 7.85044, 25.1061, 0.568897, 0.812502, 0.237564, 652.212, 931.492, 
272.355, 20.3502, 47.0573, 21.1906, 0.188632, 0.0794434, 0.0704494, 815.599, 343.494, 304.606, 5.06993, 53.0665, 47.5664, 0.129621, 0.0872797, 0.165483, 
573.158, 385.935, 731.736, 19.1959, 21.6935, 4.94154, -927.463, -772.246, 1003.33, -5.6699e+06, -3.8442e+06, 6.12879e+06, 47.8386, 52.2015, 37.6332, 1.23761, 
4.4127, 1.75042, 254.545, 907.579, 360.016, 54.5569, 48.4058, 37.5217, 0.0437505, 0.19717, 0.11473, 162.249, 731.207, 425.477, 31.3412, 57.9093, 
27.8863, 0.555715, 0.306495, 0.711803, 783.203, 434.714, 1006.25, 6.55192, 35.4545, 59.9301, 0.946961, 1.15201, 0.625768, 813.879, 990.077, 537.601, 
35.8778, 36.7738, 56.283, 0.37533, 0.451914, 0.0804673, 608.018, 732.825, 125.839, 59.3267, 5.63842, 50.2925, 0.0130368, 0.28777, 0.191509, 44.6171, 
984.858, 655.417, 30.3086, 19.2519, 45.5883, -3311.73, -1945.09, 138.805, -2.36216e+06, -1.33278e+06, 207152, 14.4533, 26.6555, 2.88723, 0.487009, 0.178447, 
0.0453452, 470.701, 172.472, 43.8268, -29.9192, 31.139, 1.32352, -3.74427e+08, 6.9005e+09, 2.65077e+10, -2.86309e+11, 2.79212e+13, 1.0676e+14, -27.7024, -19.5869, 37.8538, 
-655267, -120794, 1.27152e+06, -2.79424e+09, -5.2302e+08, 5.26962e+09, 5.23071, 23.3386, 28.0403, 2.24651, 2.21219, 2.64088, 476.679, 469.397, 560.357, 40.4407, 
6.13089, 23.0598, 0.122942, 0.0834765, 0.2015, 491.412, 333.664, 805.415, -34.5742, -57.2887, -34.056, -5.72517e+06, -1.43261e+07, -2.9246e+07, -2.95864e+08, -6.82831e+08, 
-1.61828e+09, -55.7132, 36.4909, -23.9903, -246872, 582894, -93149.5, -1.00927e+09, 2.43639e+09, -3.70858e+08, 48.0177, 50.9877, -25.1808, 158395, 82848.6, -195285, 
3.3924e+08, 2.26394e+08, -4.41724e+08, 13.9824, 23.262, 20.3996, 0.0409586, 0.268026, 0.0402888, 132.274, 865.579, 130.111, 6.13805, -47.6319, -38.9307, 9.61826e+08, 
-4.02071e+10, -6.05528e+09, 1.05399e+13, -1.71639e+14, -2.95137e+13, 30.235, 50.8289, 51.4965, 0.610019, 3.00419, 1.67574, 182.178, 897.178, 500.447, 29.5863, 41.4603, 
6.11263, 1.05719, 1.07956, 0.203146, 943.821, 963.743, 181.262, 13.0648, 56.4497, -52.7244, 9.62032e+06, 1.66433e+06, -1.87331e+07, 2.70465e+09, 4.77922e+08, -5.10958e+09, 
6.95656, 32.8764, 25.5873, 7.89922, 9.92549, 10.1896, 760.993, 956.2, 981.646, -52.9914, -37.964, -7.02115, -8.49534e+12, -1.82306e+12, -7.43306e+12, -4.05108e+16, 
-7.94792e+15, -3.49211e+16, 31.3152, 44.4922, 9.01695, 0.0910138, 0.0820739, 0.0179202, 386.915, 349.309, 76.3306, 53.594, 19.8847, 55.2271, 0.109314, 0.131297, 
0.020431, 462.546, 555.565, 86.4512
