44.3682, 57.7721, 4.7491, 0.790242, 0.461923, 0.22745, 898.537, 525.225, 258.62, 44.0995, 6.34953, 36.9288, -8.2551, -14.7225, 40.4808, -1610.61, 
-2209.43, 6837.51, 43.7461, 55.4717, 14.4923, 3.89145e+13, 1.29087e+13, 2.78326e+13, 4.06184e+16, 1.40474e+16, 2.7702e+16, 32.7934, -25.7158, 43.1248, 275860, -650141, 
52487.9, 1.08792e+09, -2.61957e+09, 2.09238e+08, 50.2183, 57.4323, 48.1443, 0.160529, 0.145651, 0.0801232, 774.093, 702.347, 386.365, 57.1307, 20.7484, 19.9734, 
0.152888, 0.187157, 0.209895, 643.039, 787.174, 882.808, 51.6556, 13.3531, 29.9885, 2.65432, 0.833275, 4.35575, 531.499, 167.965, 878.161, 10.4646, 
16.8672, 45.3936, 1.65981e+07, 4.04603e+07, 2.0632e+07, 3.1113e+10, 7.36042e+10, 3.8506e+10, 57.0977, 45.7142, 27.4289, -8147.5, 667.906, -1357, -3.5794e+06, 363321, 
-410948, 39.3356, 15.9973, 20.8623, 0.149128, 0.190572, 0.0234697, 556.246, 703.995, 84.1869, 44.307, -0.068496, 20.1497, 6.57959e+08, -4.73453e+07, 2.8029e+08, 
8.51815e+11, -8.36547e+10, 3.92981e+11, 37.7791, 0.655234, 3.3318, 41164.1, 131571, 432608, 1.91588e+08, 5.25258e+08, 1.86003e+09, 25.4724, 53.408, 55.7483, 0.146352, 
0.207899, 0.0801084, 615.51, 874.356, 336.91, 59.31, 14.4082, 38.5113, 32760, 19694.1, 44271.7, 4.5741e+07, 2.91201e+07, 6.79392e+07, 11.4479, 20.7435, 
42.3906, 0.481172, 1.1906, 0.498075, 351.187, 864.099, 371.941, 16.2116, -22.2491, -14.8927, 2.52695e+09, -2.21702e+10, -1.13975e+11, 5.02879e+12, -2.4653e+13, -1.15699e+14, 
27.2091, 13.8488, 6.95428, 0.23336, 0.150461, 0.166829, 933.33, 601.772, 667.24, -37.9462, -20.0842, -37.5497, -198434, -79764.2, -71020.4, -5.58759e+08, 
-2.21475e+08, -1.74372e+08, 20.0192, 24.7683, 57.1199, -3.59425, 2.87816, 4.04248, -12665.3, 10139.6, 14227.4, 0.251014, 12.4021, 50.2479, 2.39502e+10, 6.03198e+10, 
5.72493e+10, 5.94374e+13, 1.3416e+14, 1.21841e+14, 40.9941, 38.7929, 12.2702, -5.51677, 12.1821, 3.17714, -262.385, 663.245, 253.75, 55.8, 29.3244, 15.2587, 
3213.37, 49057.3, -5242.38, 1.49509e+07, 1.31324e+08, -2.16617e+07, 27.5821, 9.26021, 42.2988, -3625.82, -1499.64, 1243.08, -9.7141e+06, -3.84283e+06, 2.928e+06, -42.2137, 
51.5406, -32.3253, -3.07899e+08, 2.21557e+07, -1.31165e+08, -8.51815e+11, 8.36546e+10, -3.92981e+11, 18.68, 17.5664, 40.9527, 5499.24, 5123.03, -8724.24, 8.23931e+06, 7.47548e+06, 
-1.46733e+07, 8.97942, 42.0618, 36.1837, 0.725802, 0.15544, -0.00420053, 863.797, 193.405, -1.57021, 19.0462, 38.6755, 7.18067, 0.100684, 0.21242, 0.194474, 
386.972, 816.418, 747.445, 29.4521, 9.2623, 32.9091, 4.84101, 1.86487, -3.70327, 9996.55, 3929.9, -8143.4, 59.3832, -12.1581, -26.8495, 63699.3, 
-462412, -1.01519e+06, 3.21282e+08, -2.1398e+09, -4.66814e+09, 37.2538, 40.6906, 34.4939, 0.00344808, 0.145213, 0.0671691, 16.8794, 710.862, 328.813, 3.76966, 32.8839, 
2.78471, -0.810324, 1.01699, 1.14641, -1297.28, 1405.27, 1149.98, 42.5389, 48.939, 17.3989, 0.164236, 0.292751, 0.252585, 560.082, 998.344, 861.368, 
29.1457, 5.59502, 58.8679, 0.0974992, -0.0490084, 0.152289, 267.615, -136.851, 416.22, 36.2363, 20.5648, 33.7114, 0.0397444, 0.235838, 0.209024, 106.203, 
630.194, 558.542, -17.9711, 16.6698, 41.4049, -80449.7, 586129, 1.28683e+06, -3.20205e+08, 2.1399e+09, 4.66843e+09, 38.7939, 10.8345, 40.6547, 7.58187, -2.68944, 
-9.1784, 16522.1, -6009.77, -19848.9, 25.5944, 21.5771, 28.6947, 0.158232, 0.188291, 0.00257956, 657.954, 782.946, 10.7262, 28.358, 52.1705, 22.7446, 
3.26143, -3.4507, -25.7977, 2200.97, -2662.55, -19525.4, 45.9866, 57.907, 41.867, -36.4308, 79.6417, -13.7422, -121521, 246283, -43832.1, 54.604, 
7.84689, 10.6362, 0.172275, 0.140488, 0.206283, 761.372, 620.889, 911.675, 6.56459, 22.8821, 15.1553, -203.526, -534.413, -58.7584, -313653, -826882, 
-126113, 48.2686, 57.7721, 54.708, 1.72123, 1.61615, 0.200054, 695.519, 653.057, 80.8383, -50.564, -11.5753, 26.9667, -3.81303e+08, -1.5554e+08, 2.59824e+08, 
-5.14381e+11, -1.61662e+11, 3.27534e+11, 8.93046, 43.6504, 4.135, -2.1477, 2.64844, -2.12908, -1605.56, 1911.52, -1158.27, 41.2887, 16.1384, 5.84534, 0.0800395, 
0.193225, 0.140272, 337.595, 814.996, 591.648, 17.0188, 40.3796, 28.3979, 0.13084, 0.209789, 0.20556, 614.237, 984.871, 965.017, 16.3671, 27.7736, 
9.52583, 554.97, 183.407, 946.718, 500724, -81035.7, 2.30335e+06, 56.4736, 16.318, 48.9117, 0.899184, 0.222678, 0.295215, 879.734, 217.862, 288.83, 
19.3043, 18.7279, 28.5387, 0.129715, 0.313978, 0.0351797, 308.716, 747.254, 83.726, 14.4055, 31.7924, 37.7161, 0.122332, 0.265476, 0.0628045, 410.367, 
890.549, 210.68, 37.1769, 36.1968, 56.5801, 0.0538404, 0.150384, 0.067274, 250.159, 698.731, 312.576, 35.5272, 53.0198, 36.8502, 30.8607, 10.4694, 
-22.3543, 140866, 58945.9, -98080.5, 36.463, 4.93969, 10.6027, 0.101561, 0.130226, 0.14523, 435.701, 558.676, 623.045, -24.2567, -25.7585, -13.3864, 
-3.41651e+08, -8.32818e+08, -4.24679e+08, -3.11132e+10, -7.36041e+10, -3.85058e+10, -4.99881, 19.1798, 3.96843, -1.83223e+08, 1.95725e+08, 1.21414e+07, -5.43024e+11, 6.18439e+11, 4.48358e+10, 42.0085, 
34.5086, 45.7086, 0.0991306, 0.269173, 0.229941, 177.132, 480.973, 410.871, 24.7175, -21.8092, -13.5954, 4.47321e+08, -4.88744e+08, -4.37824e+08, 1.21875e+12, -1.32924e+12, 
-1.21932e+12, 59.0271, 12.7336, 33.3779, 0.232143, 0.587338, 0.715782, 604.949, 1439.13, 1735.08, 59.4252, 53.9248, 11.0473, 0.206947, 0.101835, 0.194673, 
959.575, 472.19, 902.662, 42.0851, 42.919, 19.471, 0.0899666, 0.129266, 0.242922, 294.924, 423.751, 796.334, 17.7235, 43.906, 6.20223, 0.172035, 
0.0266747, 0.118069, 802.402, 124.416, 550.696, 7.60249, -40.3425, 33.4295, 2.36955e+08, -2.3691e+08, 3.28401e+08, 7.52532e+11, -7.1985e+11, 1.02858e+12, 8.19819, 25.1548, 
23.0468, 0.454287, 0.530361, 0.0213969, 820.013, 957.329, 38.6225, 59.65, 46.8621, 50.6119, 0.210744, 0.216028, 0.182484, 270.207, 276.982, 233.974, 
1.07973, 26.1594, 36.2944, 3.37951, 0.36247, 7.49083, 343.27, 36.8178, 760.872, 25.8251, 39.921, -37.8236, -10299.2, -10243.3, -24384.9, -2.62861e+07, 
-2.89503e+07, -7.35233e+07, 37.3218, 42.8351, 54.9778, 0.183606, 0.0397669, 0.0920769, 708.799, 153.518, 355.458, 1.13412, 38.7582, 16.8762, 0.166177, 0.078708, 
0.200177, 827.701, 392.032, 997.052, 15.9154, 54.4661, 12.6335, -33.2321, -1.78222, -0.739724, -116233, -5803.02, -3108.78, 38.0342, 29.6476, 49.7804, 
1.02357, 0.615532, 1.27413, 509.192, 306.207, 633.841, 21.2813, 57.7658, 23.4507, 0.0450696, 0.0473669, 0.424354, 58.9647, 61.9702, 555.184, -17.1619, 
49.9845, -57.3968, -5.93629e+07, 2.24075e+08, -3.24215e+08, -2.38053e+11, 8.81532e+11, -1.35632e+12, 46.6061, 7.89919, 25.1203, 0.568897, 0.812502, 0.237564, 652.212, 931.492, 
272.355, 19.7474, 45.6016, 20.767, -53.0826, -103.752, -29.5387, -250706, -484285, -136873, 5.07771, 53.0717, 47.5763, 0.129621, 0.0872797, 0.165483, 
573.158, 385.935, 731.736, 46.9073, 44.5972, 10.9106, -1719.9, -1816.39, 3208.02, -7.25607e+06, -7.52605e+06, 1.52919e+07, 47.9128, 52.4663, 37.7382, 1.23761, 
4.4127, 1.75042, 254.545, 907.579, 360.016, 54.5595, 48.4176, 37.5286, 0.0437505, 0.19717, 0.11473, 162.249, 731.207, 425.477, 31.3743, 57.9277, 
27.9289, 0.550268, 0.306976, 0.706091, 779.29, 431.7, 996.578, 6.60894, 35.5238, 59.9675, 0.953279, 1.1579, 0.619237, 819.32, 995.143, 531.978, 
35.9004, 36.7992, 56.2876, 0.378457, 0.41213, 0.109257, 619.404, 669.922, 183.11, 59.3275, 5.65569, 50.304, 0.0130368, 0.28777, 0.191509, 44.6171, 
984.858, 655.417, 35.8261, 43.093, 54.8416, -2009.82, -1057.79, 1607.25, -1.2875e+06, -795168, 1.21403e+06, 14.4825, 26.6662, 2.88995, 0.487009, 0.178447, 
0.0453452, 470.701, 172.472, 43.8268, -26.506, 4.89976, 45.2769, -7.95042e+08, 5.72108e+09, 2.87568e+10, -5.70434e+12, 2.53637e+13, 1.16874e+14, -8.91009, -37.4527, 54.5376, 
-958159, -32742.9, 1.44895e+06, -3.73856e+09, -7.37906e+07, 5.72053e+09, 5.3655, 23.4713, 28.1988, 2.24651, 2.21219, 2.64088, 476.679, 469.397, 560.357, 40.4481, 
6.1359, 23.0719, 0.122942, 0.0834765, 0.2015, 491.412, 333.664, 805.415, -39.9781, -22.0895, -13.7756, -3.39922e+06, -1.08484e+07, -3.56787e+07, -1.91789e+08, -5.25081e+08, 
-1.8599e+09, -54.679, 54.2773, -29.53, -270043, 636498, -51385.3, -1.0878e+09, 2.61958e+09, -2.09233e+08, 33.1692, 2.68636, -19.8495, 133247, 127713, -290427, 
3.51698e+08, 2.74716e+08, -6.63917e+08, 13.9848, 23.2781, 20.402, 0.0409586, 0.268026, 0.0402888, 132.274, 865.579, 130.111, -16.8797, -47.5412, -27.5804, -1.24209e+10, 
-3.12828e+10, -2.96904e+10, -5.94374e+13, -1.3416e+14, -1.21841e+14, 30.2716, 51.0092, 51.5971, 0.610019, 3.00419, 1.67574, 182.178, 897.178, 500.447, 29.6496, 41.5249, 
6.12465, 1.05406, 1.07404, 0.197826, 941.023, 958.802, 176.491, 34.1225, 36.6134, -19.217, 1.42183e+07, 403840, -2.12882e+07, 3.6435e+09, 5.28314e+07, -5.51703e+09, 
7.43052, 33.4719, 26.1987, 7.89922, 9.92549, 10.1896, 760.993, 956.2, 981.646, -41.4673, -54.0044, -20.5242, -8.44137e+12, -2.80016e+12, -6.03748e+12, -4.06184e+16, 
-1.40474e+16, -2.7702e+16, 31.3206, 44.4972, 9.01806, 0.0913109, 0.0830112, 0.0190527, 388.923, 352.595, 80.8527, 53.6005, 19.8925, 55.2284, 0.109314, 0.131297, 
0.020431, 462.546, 555.565, 86.4512
