43.1354, 57.0515, 4.39427, 0.790242, 0.461923, 0.22745, 898.537, 525.225, 258.62, 19.5741, 19.3712, 50.5284, 4.15912, 3.36936, 3.32084, 684.509, 
554.531, 546.545, 43.9586, 39.7236, 52.2841, 0.0183893, 0.145654, 0.677384, 18.7903, 148.83, 692.154, 42.4658, -3.80442, 0.162845, 28830.3, -27559.5, 
-17122.4, 1.05451e+08, -1.44864e+08, -6.21474e+07, 49.9678, 57.2051, 48.0193, 0.160529, 0.145651, 0.0801232, 774.093, 702.347, 386.365, 56.8922, 20.4564, 19.646, 
0.152888, 0.187157, 0.209895, 643.039, 787.174, 882.808, 48.5023, 12.6355, 24.1936, 1.93635, 0.361754, 3.58228, 389.766, 72.8171, 721.074, 13.3385, 
10.7318, -17.9319, 2.85989e+06, 7.21567e+06, -1.74527e+06, 5.54518e+09, 1.41668e+10, -2.80679e+09, 25.0754, 39.1345, 55.2189, 1.5738, 1.37559, 0.993003, 691.277, 604.214, 
436.167, 39.1086, 15.7053, 20.815, 0.145463, 0.187202, 0.0303932, 541.007, 696.243, 113.038, 9.51048, 2.57664, 7.64946, 0.649068, 0.669017, 0.29122, 
847.394, 874.549, 380.486, 38.6949, 11.0491, 20.2514, 0.112564, 0.0275431, 0.204369, 492.567, 120.526, 894.3, 25.244, 53.0837, 55.6233, 0.146352, 
0.207899, 0.0801084, 615.51, 874.356, 336.91, 23.7968, 49.5006, 56.0976, 0.168535, 0.0460832, 0.269257, 252.974, 69.1717, 404.159, 10.4169, 19.6145, 
42.0303, 0.660342, 0.677993, 0.190746, 473.312, 485.965, 136.72, 58.049, 28.3847, 46.2369, 0.296818, 0.0149191, 0.314376, 303.828, 15.2714, 321.8, 
26.8451, 13.6141, 6.69403, 0.23336, 0.150461, 0.166829, 933.33, 601.772, 667.24, 52.0523, 59.7623, 59.1782, 0.114658, 0.289088, 0.227148, 313.314, 
789.959, 620.7, 20.7616, 23.7461, 55.8127, 0.157429, 0.130773, 0.0548858, 552.013, 458.546, 192.453, 5.07137, 0.780156, 3.98475, 0.264333, 0.229921, 
0.31011, 575.456, 500.541, 675.113, 24.6674, 30.7618, 54.4278, 10.8051, 4.89273, 11.6235, 685.478, 310.397, 737.397, 12.1313, 13.7332, 2.14064, 
0.305853, 0.250338, 0.297887, 879.063, 719.506, 856.168, 42.5223, 33.1243, 41.1823, 0.223333, 0.111442, 0.0191582, 578.531, 288.685, 49.6282, 7.64218, 
6.37193, 8.26441, 0.143428, 0.181512, 0.127545, 400.68, 505.875, 355.867, 26.4355, 27.678, 5.89419, 0.485987, 0.0176252, 0.136469, 794.06, 28.7981, 
222.978, 7.94517, 41.6027, 36.1967, 0.64642, 0.350616, 0.00821132, 767.439, 416.257, 9.74861, 18.8891, 38.3441, 6.87729, 0.100684, 0.21242, 0.194474, 
386.972, 816.418, 747.445, 23.0361, 11.923, 39.1402, 0.344677, 0.119513, 0.454069, 739.381, 326.572, 978.523, 3.10911, 15.2379, 20.5782, 0.036522, 
0.0837286, 0.150287, 166.352, 376.582, 678.282, 37.2485, 40.4641, 34.3891, 0.00344808, 0.145213, 0.0671691, 16.8794, 710.862, 328.813, 3.66046, 32.0092, 
2.05138, 0.081934, 0.571633, 0.443686, 96.4919, 673.2, 522.519, 42.2827, 48.4823, 17.0048, 0.164236, 0.292751, 0.252585, 560.082, 998.344, 861.368, 
28.9983, 5.60183, 58.6152, 0.102956, 0.0236324, 0.161579, 283.603, 65.098, 445.087, 36.1743, 20.1969, 33.3853, 0.0397444, 0.235838, 0.209024, 106.203, 
630.194, 558.542, 5.66083, 12.3487, 19.6685, 0.166327, 0.217921, 0.164273, 591.283, 778.113, 585.862, 37.8468, 10.0986, 40.8251, 0.456575, 0.430323, 
0.254267, 976.107, 919.983, 543.596, 25.3476, 21.2834, 28.6907, 0.158232, 0.188291, 0.00257956, 657.954, 782.946, 10.7262, 25.502, 53.7297, 45.1218, 
0.235701, 1.30326, 0.692307, 177.685, 982.468, 521.9, 52.3346, 44.6031, 47.2165, 0.237339, 0.110232, 0.0529107, 749.683, 348.189, 167.129, 54.3353, 
7.62773, 10.3144, 0.172275, 0.140488, 0.206283, 761.372, 620.889, 911.675, 45.3236, 15.2983, 34.3582, 0.0596589, 0.0104967, 0.0858761, 100.787, 17.733, 
145.078, 45.5835, 55.2509, 54.396, 1.72123, 1.61615, 0.200054, 695.519, 653.057, 80.8383, 12.7889, 33.8365, 58.3742, 0.760532, 0.639848, 0.121097, 
956.89, 805.046, 152.362, 7.99506, 42.3452, 3.37303, 0.791978, 0.776296, 0.547418, 518.183, 507.922, 358.17, 41.1639, 15.8369, 5.62652, 0.0800395, 
0.193225, 0.140272, 337.595, 814.996, 591.648, 16.8147, 40.0523, 28.0773, 0.13084, 0.209789, 0.20556, 614.237, 984.871, 965.017, 51.834, 5.14832, 
42.0542, 0.280303, 0.329962, 0.154443, 480.388, 565.494, 264.687, 55.0709, 15.9706, 48.4512, 0.899184, 0.222678, 0.295215, 879.734, 217.862, 288.83, 
19.102, 18.2381, 28.4838, 0.129715, 0.313978, 0.0351797, 308.716, 747.254, 83.726, 14.2146, 31.3783, 37.6181, 0.122332, 0.265476, 0.0628045, 410.367, 
890.549, 210.68, 37.0929, 35.9622, 56.4752, 0.0538404, 0.150384, 0.067274, 250.159, 698.731, 312.576, 34.1207, 52.2232, 37.2998, 0.175533, 0.220575, 
0.103476, 767.525, 964.47, 452.45, 36.3046, 4.73654, 10.3762, 0.101561, 0.130226, 0.14523, 435.701, 558.676, 623.045, -45.3459, -25.7072, 9.59153, 
-5.88669e+07, -1.48525e+08, 3.5924e+07, -5.54518e+09, -1.41668e+10, 2.8068e+09, 33.5969, 6.77431, 16.0703, 0.250323, 0.304904, 0.0732201, 741.599, 903.298, 216.919, 41.8539, 
34.0887, 45.3499, 0.0991306, 0.269173, 0.229941, 177.132, 480.973, 410.871, -24.4775, -34.5226, -10.0096, -1.50291e+08, -5.46772e+07, -1.33666e+08, -3.82108e+11, -1.03853e+11, 
-4.07065e+11, 58.7281, 12.1651, 32.8882, 0.189705, 0.340526, 0.224988, 463.33, 831.694, 549.505, 59.1024, 53.766, 10.7436, 0.206947, 0.101835, 0.194673, 
959.575, 472.19, 902.662, 41.9447, 42.7173, 19.0921, 0.0899666, 0.129266, 0.242922, 294.924, 423.751, 796.334, 17.4551, 43.8644, 6.01804, 0.172035, 
0.0266747, 0.118069, 802.402, 124.416, 550.696, -27.4353, -20.3192, -46.2588, -6.03274e+07, -5.08052e+07, -1.5108e+07, -1.97958e+11, -1.7293e+11, -2.64342e+10, 7.4895, 24.3274, 
23.0134, 0.454287, 0.530361, 0.0213969, 820.013, 957.329, 38.6225, 59.3213, 46.525, 50.3272, 0.210744, 0.216028, 0.182484, 270.207, 276.982, 233.974, 
55.9078, 25.594, 24.6087, 3.37945, 0.362436, 7.4908, 343.264, 36.814, 760.868, 19.0636, 1.56908, 9.53089, 0.0748793, 0.294242, 0.11818, 219.486, 
862.483, 346.408, 37.0354, 42.7731, 54.8341, 0.183606, 0.0397669, 0.0920769, 708.799, 153.518, 355.458, 0.874884, 38.6354, 16.5639, 0.166177, 0.078708, 
0.200177, 827.701, 392.032, 997.052, 37.2424, 54.2216, 17.141, 0.0806442, 0.00336538, 0.225848, 276.913, 11.5559, 775.507, 36.4374, 28.6873, 47.7927, 
1.02357, 0.615532, 1.27413, 509.192, 306.207, 633.841, 21.2109, 57.6919, 22.7887, 0.0450696, 0.0473669, 0.424354, 58.9647, 61.9702, 555.184, 24.2831, 
0.471679, 0.446759, 4.49023e+07, 3.78197e+07, 1.12485e+07, 1.97942e+11, 1.72938e+11, 2.64422e+10, 45.7186, 6.63169, 24.7497, 0.568897, 0.812502, 0.237564, 652.212, 931.492, 
272.355, 20.0672, 46.9381, 21.0849, 0.188632, 0.0794434, 0.0704494, 815.599, 343.494, 304.606, 4.8755, 52.9356, 47.3182, 0.129621, 0.0872797, 0.165483, 
573.158, 385.935, 731.736, 18.4807, 30.7194, 59.0628, 0.0432863, 0.106256, 0.152423, 201.154, 493.78, 708.319, 45.9821, 45.5825, 35.0075, 1.23761, 
4.4127, 1.75042, 254.545, 907.579, 360.016, 54.4913, 48.11, 37.3496, 0.0437505, 0.19717, 0.11473, 162.249, 731.207, 425.477, 30.4976, 57.4413, 
26.8582, 0.563717, 0.305798, 0.684391, 795.385, 431.471, 965.653, 5.17122, 33.7642, 58.9468, 0.916375, 1.1229, 0.660336, 787.464, 964.936, 567.443, 
35.3265, 36.0687, 56.1185, 0.367517, 0.470219, 0.109947, 598.633, 765.921, 179.088, 59.3071, 5.20677, 50.0053, 0.0130368, 0.28777, 0.191509, 44.6171, 
984.858, 655.417, 20.2142, 12.3128, 2.179, 1.34045, 1.34004, 0.0736743, 957.455, 957.162, 52.6241, 13.7228, 26.3878, 2.81921, 0.487009, 0.178447, 
0.0453452, 470.701, 172.472, 43.8268, 28.0792, 4.69857, 41.1173, 9.95342e+07, 3.62113e+07, 8.85236e+07, 3.82108e+11, 1.03853e+11, 4.07065e+11, 41.5476, 21.3458, 51.4211, 
2832.41, -2548.37, -2847.56, 1.54765e+07, -8.01566e+06, -8.02323e+06, 1.86094, 20.0203, 24.079, 2.24651, 2.21219, 2.64088, 476.679, 469.397, 560.357, 40.2563, 
6.00568, 22.7575, 0.122942, 0.0834765, 0.2015, 491.412, 333.664, 805.415, 0.402682, 41.8426, 26.5114, 2.14503, 31.2468, -18.2562, -384.922, 2947.52, 
-2461.29, -13.1669, 26.0469, 44.6887, -28224.9, 26981.4, 16763.3, -1.0545e+08, 1.44865e+08, 6.21484e+07, 15.9855, 32.372, 53.9727, 0.206474, 0.0655978, 0.10824, 
481.806, 153.072, 252.578, 13.9209, 22.86, 20.3392, 0.0409586, 0.268026, 0.0402888, 132.274, 865.579, 130.111, 5.96724, 57.9069, 4.87962, 0.0382402, 
0.0205061, 0.0297821, 160.522, 86.0792, 125.017, 29.32, 46.3226, 48.9829, 0.610019, 3.00419, 1.67574, 182.178, 897.178, 500.447, 27.9845, 39.8139, 
5.78303, 1.06925, 1.09996, 0.221856, 954.663, 982.08, 198.081, 1.61192, 23.8919, 42.4839, 0.682574, 2.16479, 3.4618, 182.245, 577.993, 924.289, 
55.2077, 17.9881, 10.3029, 7.89922, 9.92549, 10.1896, 760.993, 956.2, 981.646, 41.957, 36.1456, 52.4185, 0.204592, 0.189781, 0.189785, 963.729, 
893.964, 893.982, 31.1805, 44.3727, 8.9946, 0.0904459, 0.0790125, 0.0144517, 384.607, 335.988, 61.4534, 53.43, 19.6877, 55.1965, 0.109314, 0.131297, 
0.020431, 462.546, 555.565, 86.4512
