44.4156, 57.7998, 4.76274, 0.790242, 0.461923, 0.22745, 898.537, 525.225, 258.62, 41.9277, 7.10817, 40.188, -54.9083, 34.5873, 58.0992, -9139.19, 
5853.74, 9519.95, 37.8502, 32.7123, 40.8805, 2.97264e+13, 1.06687e+13, 2.94079e+13, 2.97143e+16, 1.09055e+16, 3.09059e+16, 22.8029, -45.84, 0.798532, 244291, -577997, 
59734.8, 1.00925e+09, -2.32496e+09, 2.53354e+08, 50.2279, 57.441, 48.1491, 0.160529, 0.145651, 0.0801232, 774.093, 702.347, 386.365, 57.1399, 20.7596, 19.986, 
0.152888, 0.187157, 0.209895, 643.039, 787.174, 882.808, 51.8214, 13.3991, 30.2509, 2.86738, 0.904159, 4.48492, 583.894, 189.738, 900.754, 4.14292, 
56.7442, 27.9295, 2.28653e+07, 4.25356e+07, 2.20792e+07, 4.28077e+10, 7.83591e+10, 3.99786e+10, 35.832, 43.8917, 42.5967, -9060.94, 457.092, 336.622, -4.00466e+06, 265454, 
143629, 39.3446, 16.0089, 20.8631, 0.156615, 0.186421, 0.00929401, 580.55, 692.722, 39.0387, 24.3421, -48.7344, 50.8486, 6.8996e+08, -3.85611e+06, 4.79634e+08, 
8.99112e+11, -1.49405e+10, 6.05049e+11, 10.6321, 23.0399, 1.86825, -10330, 102884, 358524, -7.4471e+07, 4.32789e+08, 1.60382e+09, 25.4811, 53.4205, 55.7531, 0.146352, 
0.207899, 0.0801084, 615.51, 874.356, 336.91, 27.3758, 9.51707, 47.7836, 32520.3, 6626.15, 52083.9, 4.74396e+07, 7.18224e+06, 8.10535e+07, 11.4716, 20.8238, 
42.417, 0.294066, 1.31079, 0.373987, 213.427, 935.446, 260.544, 4.36362, -31.8505, -18.4851, 1.7717e+10, -2.80074e+09, -1.00526e+11, 1.87039e+13, -4.05175e+12, -1.00693e+14, 
27.2231, 13.8578, 6.96429, 0.23336, 0.150461, 0.166829, 933.33, 601.772, 667.24, -1.13538, -33.6623, -17.4951, -198821, -108738, -158538, -5.33014e+08, 
-3.00649e+08, -4.55836e+08, 19.7818, 24.9579, 57.3804, -4.26896, 3.40634, 4.58711, -15025, 11989.6, 16126.8, 6.37053, 39.1342, 41.7715, 8.07767e+08, 9.61389e+10, 
1.62583e+10, 1.34234e+12, 2.11539e+14, 2.95403e+13, 40.9658, 39.1598, 13.0198, 4.44031, 8.59737, 19.3826, 222.651, 568.535, 1332.92, 35.1049, 20.3233, -2.41208, 
26487.4, 58659, -27256.3, 7.16439e+07, 1.7746e+08, -7.90107e+07, 25.2701, 25.6976, 52.7502, 871.261, 1297.16, 3307.62, 2.86145e+06, 3.99677e+06, 9.14738e+06, -40.3287, 
46.9354, -51.0934, -3.22874e+08, 1.80448e+06, -2.2445e+08, -8.99112e+11, 1.49404e+10, -6.05049e+11, 19.7138, 16.3688, 26.4189, 5022.37, 5427.82, -8184.94, 7.61201e+06, 7.85206e+06, 
-1.52793e+07, 9.02201, 42.0736, 36.1841, 0.683605, 0.200649, 0.0209081, 806.263, 237.433, 24.359, 19.0522, 38.6883, 7.19234, 0.100684, 0.21242, 0.194474, 
386.972, 816.418, 747.445, 29.7226, 9.3772, 32.7253, 3.80785, 2.42533, -3.43767, 7855.8, 5458.49, -7075.55, 43.2385, -33.5408, -9.57736, 57182.2, 
-418650, -900420, 3.38688e+08, -1.83766e+09, -4.09639e+09, 37.254, 40.6993, 34.4979, 0.00344808, 0.145213, 0.0671691, 16.8794, 710.862, 328.813, 3.72751, 32.9536, 
2.8927, -0.76219, 2.83541, 1.96965, -620.92, 3476.15, 2049.73, 42.5488, 48.9566, 17.414, 0.164236, 0.292751, 0.252585, 560.082, 998.344, 861.368, 
29.151, 5.59223, 58.8769, 0.0879284, -0.0470329, 0.150074, 241.098, -130.472, 411.427, 36.2387, 20.5789, 33.7239, 0.0397444, 0.235838, 0.209024, 106.203, 
630.194, 558.542, -57.2415, 41.1516, 51.1424, -72082.4, 530686, 1.14157e+06, -3.37221e+08, 1.83778e+09, 4.09743e+09, 39.4137, 10.5188, 40.0108, 12.2817, -7.35589, 
-11.4295, 26415.6, -15932.8, -24436.8, 25.6039, 21.5884, 28.6949, 0.158232, 0.188291, 0.00257956, 657.954, 782.946, 10.7262, 28.5091, 51.8939, 21.0632, 
1.45904, -5.0031, -27.7798, 1394.92, -3964.64, -20851.2, 43.8077, 2.84855, 41.2719, -41.2865, 91.2559, -12.0929, -129559, 290312, -44526.9, 54.6144, 
7.85532, 10.6486, 0.172275, 0.140488, 0.206283, 761.372, 620.889, 911.675, 14.5106, 17.6861, 24.9859, 281.76, 340.298, 203.709, 400438, 610467, 
358981, 48.3718, 57.869, 54.72, 1.72123, 1.61615, 0.200054, 695.519, 653.057, 80.8383, -20.6223, 33.0995, 44.0816, -4.45233e+08, 1.43409e+08, 3.14539e+08, 
-5.57368e+11, 1.75162e+11, 3.8771e+11, 8.76262, 43.7218, 3.99751, -4.09594, 0.352579, -2.67616, -2611.22, 52.1527, -1626.22, 41.2935, 16.15, 5.85376, 0.0800395, 
0.193225, 0.140272, 337.595, 814.996, 591.648, 17.0266, 40.3921, 28.4103, 0.13084, 0.209789, 0.20556, 614.237, 984.871, 965.017, 33.0098, 55.6732, 
18.9049, 364.162, -270.664, 706.995, 886559, -973070, 1.68289e+06, 56.5276, 16.3314, 48.9294, 0.899184, 0.222678, 0.295215, 879.734, 217.862, 288.83, 
19.3121, 18.7468, 28.5408, 0.129715, 0.313978, 0.0351797, 308.716, 747.254, 83.726, 14.4128, 31.8083, 37.7198, 0.122332, 0.265476, 0.0628045, 410.367, 
890.549, 210.68, 37.1801, 36.2059, 56.5841, 0.0538404, 0.150384, 0.067274, 250.159, 698.731, 312.576, 36.7952, 53.9596, 36.281, 11.3017, 21.3961, 
8.14789, 62706.7, 91652.2, 41052.5, 36.4691, 4.94751, 10.6114, 0.101561, 0.130226, 0.14523, 435.701, 558.676, 623.045, -55.1024, -32.4555, -27.339, 
-4.70651e+08, -8.75538e+08, -4.54467e+08, -4.28077e+10, -7.83594e+10, -3.99784e+10, -29.6967, 6.84178, -4.33826, -2.28393e+08, 1.18314e+08, -2.0383e+07, -6.71271e+11, 3.20857e+11, -9.20624e+10, 42.0145, 
34.5247, 45.7224, 0.0991306, 0.269173, 0.229941, 177.132, 480.973, 410.871, 17.6409, -10.0476, -2.11433, 5.67799e+08, -5.04164e+08, -5.50575e+08, 1.5628e+12, -1.36251e+12, 
-1.54016e+12, 59.0398, 12.7712, 33.4212, 0.214145, 0.620626, 0.739948, 510.452, 1482.8, 1770.64, 59.4377, 53.9309, 11.059, 0.206947, 0.101835, 0.194673, 
959.575, 472.19, 902.662, 42.0905, 42.9267, 19.4856, 0.0899666, 0.129266, 0.242922, 294.924, 423.751, 796.334, 17.7338, 43.9076, 6.20931, 0.172035, 
0.0266747, 0.118069, 802.402, 124.416, 550.696, 57.6544, -27.9987, 14.4588, 2.86284e+08, -2.77872e+08, 3.60204e+08, 8.98045e+11, -8.51979e+11, 1.08861e+12, 8.22545, 25.1866, 
23.0481, 0.454287, 0.530361, 0.0213969, 820.013, 957.329, 38.6225, 59.6627, 46.875, 50.6228, 0.210744, 0.216028, 0.182484, 270.207, 276.982, 233.974, 
1.2825, 26.1812, 36.7438, 3.3794, 0.362504, 7.49075, 343.258, 36.82, 760.863, 1.26512, 20.7861, -56.2722, -14065.5, -4880.25, -30687.4, -4.05459e+07, 
-1.17041e+07, -9.37706e+07, 37.3328, 42.8375, 54.9833, 0.183606, 0.0397669, 0.0920769, 708.799, 153.518, 355.458, 1.14409, 38.7629, 16.8882, 0.166177, 0.078708, 
0.200177, 827.701, 392.032, 997.052, 14.0897, 53.9935, 12.3159, -30.8485, -12.4004, -11.237, -106673, -41903.1, -39858.2, 38.0956, 29.6845, 49.8568, 
1.02357, 0.615532, 1.27413, 509.192, 306.207, 633.841, 21.284, 57.7686, 23.4761, 0.0450696, 0.0473669, 0.424354, 58.9647, 61.9702, 555.184, -44.6053, 
2.9376, -34.0196, -7.64713e+07, 1.62842e+08, -3.64676e+08, -3.40599e+11, 6.76843e+11, -1.47652e+12, 46.6402, 7.94794, 25.1346, 0.568897, 0.812502, 0.237564, 652.212, 931.492, 
272.355, 10.8963, 27.1223, 17.1267, -192.065, -464.548, -56.0859, -826722, -2.02832e+06, -230750, 5.08549, 53.0769, 47.5863, 0.129621, 0.0872797, 0.165483, 
573.158, 385.935, 731.736, 51.9445, 40.6801, 33.968, -1557.87, -1860.41, 3029.82, -6.6196e+06, -7.65911e+06, 1.59795e+07, 47.9871, 52.731, 37.8432, 1.23761, 
4.4127, 1.75042, 254.545, 907.579, 360.016, 54.5621, 48.4294, 37.5355, 0.0437505, 0.19717, 0.11473, 162.249, 731.207, 425.477, 31.4079, 57.9464, 
27.9711, 0.56743, 0.309239, 0.706817, 801.076, 437.623, 996.34, 6.66635, 35.5934, 60.0044, 0.960168, 1.16423, 0.612188, 825.253, 1000.59, 525.909, 
35.923, 36.823, 56.2962, 0.377884, 0.387446, 0.181536, 609.976, 629.961, 298.698, 59.3283, 5.67295, 50.3155, 0.0130368, 0.28777, 0.191509, 44.6171, 
984.858, 655.417, 19.2458, 40.7176, 55.0105, -861.547, -316.163, 3195.89, -477970, -326440, 2.22266e+06, 14.5118, 26.6769, 2.89267, 0.487009, 0.178447, 
0.0453452, 470.701, 172.472, 43.8268, -16.817, 50.8512, 37.2743, -4.63731e+09, 9.48103e+08, 2.54951e+10, -1.95956e+13, 5.09352e+12, 1.02326e+14, -12.178, 53.7057, 59.1204, 
-906444, 815848, 1.48482e+06, -3.6593e+09, 3.46463e+09, 6.1201e+09, 5.50029, 23.6041, 28.3572, 2.24651, 2.21219, 2.64088, 476.679, 469.397, 560.357, 40.4555, 
6.14091, 23.084, 0.122942, 0.0834765, 0.2015, 491.412, 333.664, 805.415, 10.2228, -34.469, -37.8126, 848742, -8.47905e+06, -2.9567e+07, 7.431e+07, -4.32417e+08, 
-1.60362e+09, -37.37, 27.4608, -48.7224, -239138, 565877, -58471.4, -1.00914e+09, 2.325e+09, -2.53312e+08, 50.7265, 33.6868, -17.751, 253746, 13158.4, -294786, 
5.5414e+08, 3.10803e+06, -7.28855e+08, 13.9873, 23.2942, 20.4044, 0.0409586, 0.268026, 0.0402888, 132.274, 865.579, 130.111, -49.0436, -46.4006, -59.9227, -4.18921e+08, 
-4.98592e+10, -8.43183e+09, -1.34234e+12, -2.11539e+14, -2.95403e+13, 30.3082, 51.1894, 51.6976, 0.610019, 3.00419, 1.67574, 182.178, 897.178, 500.447, 29.7127, 41.5891, 
6.13632, 1.05049, 1.06764, 0.191544, 937.819, 953.062, 170.859, 40.6818, -10.8746, -59.622, 1.35025e+07, -1.25145e+07, -2.18347e+07, 3.58392e+09, -3.49127e+09, -5.92217e+09, 
7.90447, 34.0674, 26.8101, 7.89922, 9.92549, 10.1896, 760.993, 956.2, 981.646, -43.4081, -46.7864, -49.8858, -6.44828e+12, -2.31427e+12, -6.37918e+12, -2.97143e+16, 
-1.09055e+16, -3.09059e+16, 31.3262, 44.5022, 9.01924, 0.0931585, 0.0853247, 0.0202576, 396.316, 362.986, 85.7531, 53.6071, 19.9004, 55.2296, 0.109314, 0.131297, 
0.020431, 462.546, 555.565, 86.4512
