44.463, 57.8275, 4.77639, 0.790242, 0.461923, 0.22745, 898.537, 525.225, 258.62, 21.8074, -8.34689, 50.1976, 10479.8, -55258.6, 54638.1, -915607, 
-9.46092e+06, 1.08611e+07, 51.1802, 6.33336, 18.5956, 2.06864e+13, 5.57956e+12, 3.69382e+13, 2.19286e+16, 5.49335e+15, 3.78977e+16, 35.671, -52.0872, 16.8032, 224523, -528760, 
23893.9, 9.26197e+08, -2.1317e+09, 6.97938e+07, 50.2375, 57.4498, 48.1539, 0.160529, 0.145651, 0.0801232, 774.093, 702.347, 386.365, 57.149, 20.7708, 19.9986, 
0.152888, 0.187157, 0.209895, 643.039, 787.174, 882.808, 51.9925, 13.4532, 30.521, 2.83134, 0.918164, 4.49618, 567.253, 186.332, 912.206, 48.7184, 
29.5315, 14.8246, 2.33022e+07, 4.11409e+07, 2.02386e+07, 4.36488e+10, 7.46685e+10, 3.70632e+10, 50.3485, 56.4002, 9.50558, -9551.8, 2470.4, -1319, -4.0305e+06, 1.23245e+06, 
-683159, 39.3545, 16.0201, 20.8637, 0.168007, 0.192626, 0.00584521, 624.165, 720.108, 21.8827, 38.4493, 54.2545, 5.58225, 6.33506e+08, 1.33181e+08, 4.96092e+08, 
8.27734e+11, 1.85441e+11, 6.51512e+11, -12.37, 10.1942, 50.3889, -101423, 58173.7, 486988, -4.04626e+08, 3.29316e+08, 2.18188e+09, 25.4899, 53.433, 55.7579, 0.146352, 
0.207899, 0.0801084, 615.51, 874.356, 336.91, 28.2371, 57.4901, 55.9444, 34745.7, 7333.49, 60325.9, 5.01566e+07, 8.82603e+06, 9.30056e+07, 11.4966, 20.9007, 
42.4414, 0.519162, 1.29449, 0.457361, 381.065, 914.526, 331.223, -10.4937, 35.53, -11.982, -1.50436e+09, 1.46563e+10, -9.04186e+10, 2.79183e+11, 1.48533e+13, -9.00796e+13, 
42.2618, 3.75778, 16.0768, 3756.4, -2527.11, 2275.8, 3.00468e+07, -2.02151e+07, 1.82036e+07, -15.4331, -45.9661, -23.6273, -202049, -108327, -193823, -5.34265e+08, 
-2.76028e+08, -5.37201e+08, 19.5073, 25.1768, 57.6692, -4.72811, 3.74422, 4.9102, -16544.2, 13091.9, 17224.2, -4.10591, 32.0097, 6.81595, -2.79612e+10, 7.34123e+10, 
3.63024e+10, -6.0532e+13, 1.51675e+14, 8.27198e+13, 41.248, 39.47, 13.933, 2.9417, 10.8961, 7.92169, 272.803, 809.962, 460.384, 36.7653, 39.4312, 9.74766, 
13335.5, 59651.3, -12234.8, 4.14667e+07, 1.77038e+08, -2.64824e+07, 35.5887, 15.1647, 38.7207, 2836.97, 2370.34, 2050.43, 7.74896e+06, 6.76111e+06, 5.76206e+06, -47.461, 
-45.5007, -59.877, -2.96456e+08, -6.23236e+07, -2.32152e+08, -8.27734e+11, -1.85441e+11, -6.51511e+11, 15.8348, 53.4742, 15.2423, 6271.65, 5949.31, -8819.01, 8.19145e+06, 8.09333e+06, 
-1.25285e+07, 9.0608, 42.0865, 36.1857, 0.623343, 0.189219, 0.0362015, 742.214, 216.909, 34.6785, 19.0583, 38.701, 7.20401, 0.100684, 0.21242, 0.194474, 
386.972, 816.418, 747.445, 29.8859, 9.57144, 32.5198, -0.0403188, 2.08948, -3.96086, -5081.77, 898.866, -8683.55, 56.3161, -4.07062, -4.72958, 149833, 
-429587, -945558, 6.25274e+08, -2.00934e+09, -4.21633e+09, 37.2543, 40.708, 34.502, 0.00344808, 0.145213, 0.0671691, 16.8794, 710.862, 328.813, 3.69244, 33.1019, 
3.01871, -3.54689, 2.44018, 1.55738, -4388.96, 2770.7, 1516.24, 42.5586, 48.9741, 17.4292, 0.164236, 0.292751, 0.252585, 560.082, 998.344, 861.368, 
29.1563, 5.58924, 58.8856, 0.0848952, -0.0527677, 0.143535, 230.027, -148.265, 398.043, 36.241, 20.5931, 33.7364, 0.0397444, 0.235838, 0.209024, 106.203, 
630.194, 558.542, -51.8923, 44.773, 48.3884, -189548, 544519, 1.19865e+06, -6.23993e+08, 2.00939e+09, 4.21687e+09, 36.8492, 48.4171, 1.78695, -797.978, 4248.73, 
-4213.67, 934379, 9.44976e+06, -1.08771e+07, 25.6134, 21.5997, 28.695, 0.158232, 0.188291, 0.00257956, 657.954, 782.946, 10.7262, 28.7491, 51.5872, 19.2621, 
4.03646, -3.00881, -32.0264, 3047.46, -2340.65, -24290.7, 41.8317, 8.11437, 40.236, -18.1105, 81.1345, -22.4268, -61179.3, 264485, -78133.6, 54.6247, 
7.86375, 10.661, 0.172275, 0.140488, 0.206283, 761.372, 620.889, 911.675, 13.0182, 46.5074, 20.1292, -370.961, 436.457, -487.11, -715879, 796154, 
-882698, 48.4751, 57.966, 54.732, 1.72123, 1.61615, 0.200054, 695.519, 653.057, 80.8383, -22.7896, 15.5452, 3.09809, -4.22891e+08, 2.05138e+08, 3.8069e+08, 
-5.02512e+11, 2.70123e+11, 4.52664e+11, 8.48018, 43.5493, 3.77907, -5.36491, -2.44356, -4.2062, -3613.57, -1636.87, -2916.92, 41.2983, 16.1616, 5.86217, 0.0800395, 
0.193225, 0.140272, 337.595, 814.996, 591.648, 17.0345, 40.4047, 28.4226, 0.13084, 0.209789, 0.20556, 614.237, 984.871, 965.017, 48.6497, 27.1765, 
57.4469, 3852.48, 1986.88, 773.103, 6.44198e+06, 3.40938e+06, 1.78539e+06, 56.5815, 16.3447, 48.9472, 0.899184, 0.222678, 0.295215, 879.734, 217.862, 288.83, 
19.3199, 18.7656, 28.5429, 0.129715, 0.313978, 0.0351797, 308.716, 747.254, 83.726, 14.4201, 31.8243, 37.7236, 0.122332, 0.265476, 0.0628045, 410.367, 
890.549, 210.68, 37.1833, 36.2149, 56.5882, 0.0538404, 0.150384, 0.067274, 250.159, 698.731, 312.576, 36.6606, 55.5741, 36.3201, -14.1728, 28.5221, 
-0.0317564, -77587.2, 124600, 3495.18, 36.4752, 4.95532, 10.6201, 0.101561, 0.130226, 0.14523, 435.701, 558.676, 623.045, -36.5468, -38.0214, -37.711, 
-4.79648e+08, -8.46835e+08, -4.16584e+08, -4.36492e+10, -7.46691e+10, -3.70632e+10, -26.9979, 8.46653, -47.3346, -3.00486e+08, 8.35163e+07, -1.04412e+08, -9.00936e+11, 2.27363e+11, -2.72836e+11, 42.0204, 
34.5409, 45.7362, 0.0991306, 0.269173, 0.229941, 177.132, 480.973, 410.871, 27.7477, -34.6463, -45.6458, 5.38276e+08, -4.24084e+08, -5.20431e+08, 1.48432e+12, -1.11418e+12, 
-1.40399e+12, 59.0563, 12.8099, 33.4632, 0.329305, 0.665417, 0.709222, 783.32, 1662.62, 1763.46, 59.4501, 53.937, 11.0706, 0.206947, 0.101835, 0.194673, 
959.575, 472.19, 902.662, 42.0959, 42.9345, 19.5002, 0.0899666, 0.129266, 0.242922, 294.924, 423.751, 796.334, 17.7441, 43.9092, 6.2164, 0.172035, 
0.0266747, 0.118069, 802.402, 124.416, 550.696, 30.7804, -18.0437, 53.0446, 3.61108e+08, -4.00609e+08, 4.44741e+08, 1.09833e+12, -1.2489e+12, 1.34188e+12, 8.2527, 25.2184, 
23.0494, 0.454287, 0.530361, 0.0213969, 820.013, 957.329, 38.6225, 59.6753, 46.888, 50.6338, 0.210744, 0.216028, 0.182484, 270.207, 276.982, 233.974, 
1.48526, 26.2029, 37.1933, 3.37937, 0.362473, 7.49084, 343.255, 36.8175, 760.874, 37.2903, 59.0396, -30.461, -17898.3, -7892.91, -34930.3, -5.04199e+07, 
-2.13192e+07, -1.05531e+08, 37.3438, 42.8399, 54.9888, 0.183606, 0.0397669, 0.0920769, 708.799, 153.518, 355.458, 1.15406, 38.7676, 16.9002, 0.166177, 0.078708, 
0.200177, 827.701, 392.032, 997.052, 12.2266, 53.2679, 11.6862, -31.5896, -11.581, -4.9496, -107807, -42118.6, -16977, 38.157, 29.7214, 49.9333, 
1.02357, 0.615532, 1.27413, 509.192, 306.207, 633.841, 21.2867, 57.7715, 23.5016, 0.0450696, 0.0473669, 0.424354, 58.9647, 61.9702, 555.184, -29.0319, 
5.63268, -5.23058, -1.39029e+08, 2.35261e+08, -4.47909e+08, -5.95761e+11, 9.78795e+11, -1.79479e+12, 46.6743, 7.99669, 25.1488, 0.568897, 0.812502, 0.237564, 652.212, 931.492, 
272.355, 3.67244, 0.433185, 18.5572, -35.7226, -464.377, 87.8155, -137164, -2.03571e+06, 385232, 5.09327, 53.0822, 47.5962, 0.129621, 0.0872797, 0.165483, 
573.158, 385.935, 731.736, 10.2707, 16.267, 9.08102, -5158.7, 246.257, 1231.12, -3.69062e+07, 1.29114e+07, -5.2915e+06, 48.0613, 52.9958, 37.9482, 1.23761, 
4.4127, 1.75042, 254.545, 907.579, 360.016, 54.5648, 48.4413, 37.5424, 0.0437505, 0.19717, 0.11473, 162.249, 731.207, 425.477, 31.4428, 57.9652, 
28.0133, 0.587942, 0.316788, 0.700796, 832.464, 446.005, 991.168, 6.7242, 35.6635, 60.0409, 0.967605, 1.17075, 0.604577, 831.656, 1006.2, 519.357, 
35.9466, 36.8455, 56.3075, 0.404687, 0.379053, 0.192293, 662.733, 615.012, 309.647, 59.329, 5.69022, 50.327, 0.0130368, 0.28777, 0.191509, 44.6171, 
984.858, 655.417, 51.1824, 20.8654, 52.1348, 367.463, -1924.58, 3163.17, 256701, -1.22237e+06, 2.36283e+06, 14.541, 26.6876, 2.89539, 0.487009, 0.178447, 
0.0453452, 470.701, 172.472, 43.8268, 49.215, -11.0144, 20.2557, 2.3666e+08, -3.44119e+09, 2.30106e+10, -8.62482e+11, -1.39663e+13, 9.17579e+13, -13.2257, 47.3257, 43.0454, 
-1.68451e+06, 405505, 1.63896e+06, -6.74889e+09, 1.84347e+09, 6.61316e+09, 5.63508, 23.7368, 28.5157, 2.24651, 2.21219, 2.64088, 476.679, 469.397, 560.357, 40.4628, 
6.14592, 23.096, 0.122942, 0.0834765, 0.2015, 491.412, 333.664, 805.415, 1.11498, -12.7522, -5.12666, 8.36096e+06, -4.79235e+06, -4.01626e+07, 4.04411e+08, -3.29006e+08, 
-2.18168e+09, -28.5346, 26.8101, -15.9143, -219784, 517673, -23387.9, -9.26087e+08, 2.13174e+09, -6.9775e+07, 2.88496, -34.992, -37.7732, 177767, -49488.6, -414904, 
3.88895e+08, -1.00046e+08, -9.40433e+08, 13.9897, 23.3103, 20.4068, 0.0409586, 0.268026, 0.0402888, 132.274, 865.579, 130.111, 10.6179, -44.9016, -18.7901, 1.45011e+10, 
-3.80728e+10, -1.8827e+10, 6.0532e+13, -1.51675e+14, -8.27198e+13, 30.3448, 51.3697, 51.7982, 0.610019, 3.00419, 1.67574, 182.178, 897.178, 500.447, 29.7756, 41.6529, 
6.14758, 1.04642, 1.06025, 0.184179, 934.182, 946.445, 164.257, 45.6589, -18.9339, -52.0904, 2.54406e+07, -6.25304e+06, -2.4009e+07, 6.69911e+09, -1.86716e+09, -6.36882e+09, 
8.38381, 34.6553, 27.4166, 9.24658, 8.00835, 8.97075, 1020.6, 586.814, 746.799, -40.0914, -19.0788, -34.0205, -4.48732e+12, -1.21032e+12, -8.01267e+12, -2.19286e+16, 
-5.49335e+15, -3.78977e+16, 31.3318, 44.5074, 9.0205, 0.0953189, 0.0871067, 0.0217847, 405.99, 370.145, 92.9193, 53.6137, 19.9083, 55.2308, 0.109314, 0.131297, 
0.020431, 462.546, 555.565, 86.4512
