44.5104, 57.8553, 4.79004, 0.790242, 0.461923, 0.22745, 898.537, 525.225, 258.62, 6.71696, -54.0363, 32.4171, 3177.83, -45743.4, 290579, -543988, 
-5.23588e+06, 4.67508e+07, 59.7556, 0.763488, 41.5732, 2.37068e+13, 3.77923e+12, 3.29568e+13, 2.37106e+16, 3.20661e+15, 3.38974e+16, 4.72549, -16.994, 25.2204, 180220, -528973, 
3815.13, 7.33103e+08, -2.13863e+09, 1.24508e+07, 50.2472, 57.4585, 48.1587, 0.160529, 0.145651, 0.0801232, 774.093, 702.347, 386.365, 57.1582, 20.7821, 20.0112, 
0.152888, 0.187157, 0.209895, 643.039, 787.174, 882.808, 52.1626, 13.521, 30.7853, 2.72735, 1.28359, 4.33987, 545.388, 256.176, 879.831, 52.2285, 
2.81755, 24.5325, 2.01853e+07, 4.27342e+07, 1.90544e+07, 3.75457e+10, 7.86769e+10, 3.55738e+10, 44.1971, 25.8399, 23.0264, -7675.93, 1351.49, 1860.67, -3.15109e+06, 390839, 
838988, 39.3643, 16.032, 20.8641, 0.163867, 0.196518, 0.00748533, 614.376, 727.432, 33.2961, 33.0369, 44.9731, 12.5678, 6.59475e+08, 3.34779e+08, 4.37651e+08, 
8.87191e+11, 4.19033e+11, 5.99054e+11, -39.3949, 47.9802, 29.6996, -117400, 22942.4, 456795, -5.32243e+08, 1.3176e+08, 1.9375e+09, 25.4987, 53.4455, 55.7627, 0.146352, 
0.207899, 0.0801084, 615.51, 874.356, 336.91, 17.6952, 11.6996, 43.8642, 21610.4, 4207.52, 44242.5, 3.49784e+07, 7.29608e+06, 6.66739e+07, 11.5297, 20.9713, 
42.4711, 0.527437, 1.04134, 0.569179, 362.159, 744.152, 391.962, 59.7291, 47.3447, -50.2222, 1.48137e+09, 3.24941e+10, -1.02656e+11, 1.74638e+12, 3.53649e+13, -1.02526e+14, 
-27.0136, 50.6357, -13.618, -147420, 501752, -334385, -7.37704e+08, 2.15503e+09, -1.53444e+09, -52.2396, -43.4221, -24.4186, -253794, -124707, -183375, -6.83483e+08, 
-3.41962e+08, -4.88554e+08, 19.2243, 25.3977, 57.971, -4.75603, 3.74398, 5.11005, -16638.7, 13169.5, 17890.8, -11.872, 49.8819, 12.2639, -9.34068e+09, 5.75699e+10, 
5.80228e+10, -1.84824e+13, 1.24629e+14, 1.30922e+14, 41.7019, 40.6297, 14.6189, 4.32541, 22.1194, 11.3336, 373.909, 1324.61, 689.29, 59.9785, 18.5083, 33.7257, 
25065.9, 60247.2, -7838.58, 7.63719e+07, 1.7718e+08, -2.29693e+07, 32.5442, 5.19452, 21.0963, 71.5037, 721.113, 3895.35, -269279, 1.78464e+06, 1.06e+07, -53.6851, 
-58.9388, -35.7359, -3.08609e+08, -1.56664e+08, -2.04804e+08, -8.87191e+11, -4.19033e+11, -5.99053e+11, 44.0911, 4.78262, 31.8112, 5347.81, 486.819, 1867.55, 8.0745e+06, 2.25182e+06, 
1.17682e+06, 9.09804, 42.0955, 36.187, 0.594381, 0.137636, 0.0171198, 706.75, 169.513, 28.9309, 19.0643, 38.7138, 7.21568, 0.100684, 0.21242, 0.194474, 
386.972, 816.418, 747.445, 29.984, 11.2179, 33.3926, -63.5978, -33.8459, 7.70626, -132182, -87484.3, -27786.6, 16.9531, -28.877, -52.0432, 338868, 
-428553, -963108, 1.46791e+09, -1.85556e+09, -4.31269e+09, 37.2545, 40.7167, 34.506, 0.00344808, 0.145213, 0.0671691, 16.8794, 710.862, 328.813, 3.27998, 33.1775, 
3.07513, -10.151, 0.113085, 0.72152, -12259, 426.444, 912.491, 42.5685, 48.9917, 17.4443, 0.164236, 0.292751, 0.252585, 560.082, 998.344, 861.368, 
29.1617, 5.58655, 58.8945, 0.0921974, -0.0345552, 0.154238, 256.632, -92.2181, 428.446, 36.2434, 20.6072, 33.749, 0.0397444, 0.235838, 0.209024, 106.203, 
630.194, 558.542, -53.3586, 48.7138, 2.61902, -429224, 543250, 1.22075e+06, -1.46687e+09, 1.85579e+09, 4.31267e+09, 57.8807, 37.8129, -23.1191, 2142.53, 2719.72, 
-27219.2, 2.87992e+06, -3.29138e+06, -5.51566e+07, 25.6229, 21.611, 28.6952, 0.158232, 0.188291, 0.00257956, 657.954, 782.946, 10.7262, 29.0275, 51.3211, 17.412, 
5.58243, -4.26872, -30.974, 4422.35, -2958.22, -23386.1, 40.6241, 13.2261, 39.4848, -14.3425, 76.3397, -13.9235, -47900, 245350, -47126.2, 54.635, 
7.87208, 10.6734, 0.17472, 0.13256, 0.210372, 774.109, 582.422, 930.575, 43.5517, 27.0942, 6.77402, -408.733, 554.034, 111.77, -678455, 951343, 
231523, 48.5784, 58.063, 54.7441, 1.72123, 1.61615, 0.200054, 695.519, 653.057, 80.8383, -48.5094, 5.32511, 31.3749, -2.02737e+08, 3.3204e+08, 6.85507e+08, 
-2.67828e+11, 4.01031e+11, 8.39065e+11, 8.25206, 43.3129, 3.59237, -3.34118, -5.97524, -2.22835, -2387.43, -4124.36, -1508.78, 41.3031, 16.1732, 5.87059, 0.0800395, 
0.193225, 0.140272, 337.595, 814.996, 591.648, 17.0423, 40.4173, 28.4349, 0.13084, 0.209789, 0.20556, 614.237, 984.871, 965.017, 51.8259, 37.4403, 
48.3918, 3314.79, 519.656, 1436.65, 5.40091e+06, 276494, 2.23108e+06, 56.6355, 16.3581, 48.9649, 0.899184, 0.222678, 0.295215, 879.734, 217.862, 288.83, 
19.3277, 18.7845, 28.545, 0.129715, 0.313978, 0.0351797, 308.716, 747.254, 83.726, 14.4275, 31.8402, 37.7274, 0.122332, 0.265476, 0.0628045, 410.367, 
890.549, 210.68, 37.1866, 36.2239, 56.5922, 0.0538404, 0.150384, 0.067274, 250.159, 698.731, 312.576, 36.3045, 56.2961, 37.252, -25.2603, 29.9675, 
-1.56471, -112724, 117008, -4059.34, 38.3469, 9.63319, 11.5944, -1185.09, 397.041, 2413.07, -2.31655e+06, 8.51654e+06, 8.38984e+06, -56.1858, -34.1032, -18.6356, 
-4.1549e+08, -8.79633e+08, -3.92207e+08, -3.75461e+10, -7.86778e+10, -3.55737e+10, -5.84626, 33.5937, -24.795, -1.78369e+08, 3.90219e+07, -6.5973e+07, -5.56639e+11, 1.09235e+11, -1.80169e+11, 42.0264, 
34.557, 45.75, 0.0991306, 0.269173, 0.229941, 177.132, 480.973, 410.871, 25.7425, -60.0575, -22.4397, 5.24138e+08, -3.2333e+08, -4.23049e+08, 1.38161e+12, -8.49193e+11, 
-1.10514e+12, 59.0795, 12.8474, 33.5102, 0.441641, 0.601046, 0.780225, 1097.71, 1445.62, 1901.96, 59.4625, 53.9432, 11.0823, 0.206947, 0.101835, 0.194673, 
959.575, 472.19, 902.662, 42.1012, 42.9422, 19.5147, 0.0899666, 0.129266, 0.242922, 294.924, 423.751, 796.334, 17.7544, 43.9108, 6.22348, 0.172035, 
0.0266747, 0.118069, 802.402, 124.416, 550.696, 20.6048, -57.9649, 19.0419, 3.92653e+08, -3.24046e+08, 5.13946e+08, 1.22995e+12, -1.00575e+12, 1.56215e+12, 8.27996, 25.2502, 
23.0507, 0.454287, 0.530361, 0.0213969, 820.013, 957.329, 38.6225, 59.688, 46.9009, 50.6447, 0.210744, 0.216028, 0.182484, 270.207, 276.982, 233.974, 
1.68803, 26.2247, 37.6427, 3.37937, 0.362459, 7.49089, 343.254, 36.8154, 760.878, 5.78631, 59.0479, -50.5829, -7823.47, -3258.35, -28271.4, -2.49473e+07, 
-1.02184e+07, -8.30254e+07, 37.3549, 42.8423, 54.9943, 0.183606, 0.0397669, 0.0920769, 708.799, 153.518, 355.458, 1.16403, 38.7723, 16.9122, 0.166177, 0.078708, 
0.200177, 827.701, 392.032, 997.052, 10.3586, 52.8434, 11.3753, -32.9916, -6.91641, -6.42826, -113876, -22476.3, -21772.5, 38.2184, 29.7584, 50.0097, 
1.02357, 0.615532, 1.27413, 509.192, 306.207, 633.841, 21.2894, 57.7743, 23.5271, 0.0450696, 0.0473669, 0.424354, 58.9647, 61.9702, 555.184, -31.7555, 
1.62729, -22.3614, -2.3005e+08, 1.39328e+08, -5.92947e+08, -9.62038e+11, 6.0472e+11, -2.40146e+12, 46.7085, 8.04544, 25.1631, 0.568897, 0.812502, 0.237564, 652.212, 931.492, 
272.355, 1.81632, 31.7199, 20.3053, -96.7721, -526.37, -66.2728, -447398, -2.28899e+06, -309966, 5.10104, 53.0874, 47.6061, 0.129621, 0.0872797, 0.165483, 
573.158, 385.935, 731.736, 6.2426, -42.1741, 3.26144, 125367, -431877, 287271, 7.31377e+08, -2.15668e+09, 1.5339e+09, 48.1356, 53.2606, 38.0533, 1.23761, 
4.4127, 1.75042, 254.545, 907.579, 360.016, 54.5674, 48.4531, 37.5492, 0.0437505, 0.19717, 0.11473, 162.249, 731.207, 425.477, 31.478, 57.9848, 
28.0554, 0.592048, 0.325826, 0.702107, 837.905, 457.4, 992.663, 6.78252, 35.734, 60.0769, 0.976006, 1.17742, 0.5965, 838.903, 1011.93, 512.412, 
35.971, 36.8698, 56.3191, 0.40706, 0.449985, 0.190432, 669.034, 735.947, 305.864, 59.3298, 5.70749, 50.3385, 0.0130368, 0.28777, 0.191509, 44.6171, 
984.858, 655.417, 41.6981, 45.5617, 16.4994, -661.136, -2146.02, 3102.06, -497165, -1.66642e+06, 2.24681e+06, 14.5702, 26.6983, 2.89811, 0.487009, 0.178447, 
0.0453452, 470.701, 172.472, 43.8268, -29.0485, -24.3299, 41.8944, -5.88199e+08, -7.93228e+09, 2.59757e+10, -2.57121e+12, -3.46245e+13, 1.03813e+14, -57.8146, 3.15881, 23.0346, 
-2.14945e+06, 451097, 2.04245e+06, -8.85164e+09, 1.65137e+09, 8.34382e+09, 5.76987, 23.8695, 28.6741, 2.24651, 2.21219, 2.64088, 476.679, 469.397, 560.357, 40.4702, 
6.15093, 23.1081, 0.122942, 0.0834765, 0.2015, 491.412, 333.664, 805.415, 9.47907, -11.5864, -46.511, 9.6799e+06, -1.88487e+06, -3.76741e+07, 5.32087e+08, -1.31365e+08, 
-1.93739e+09, -42.388, 0.572298, 1.3543, -176410, 517878, -3729.31, -7.32988e+08, 2.13865e+09, -1.24273e+07, 13.779, -7.00095, -55.1751, 168962, -111947, -416856, 
4.42123e+08, -2.5701e+08, -9.59527e+08, 13.9922, 23.3263, 20.4093, 0.0409586, 0.268026, 0.0402888, 132.274, 865.579, 130.111, 52.6407, -55.1241, -48.1761, 4.84423e+09, 
-2.98567e+10, -3.00915e+10, 1.84824e+13, -1.24629e+14, -1.30922e+14, 30.3814, 51.5499, 51.8987, 0.610019, 3.00419, 1.67574, 182.178, 897.178, 500.447, 29.8383, 41.7163, 
6.15836, 1.04185, 1.05179, 0.175598, 930.083, 938.867, 156.566, 52.5545, -44.088, -6.06614, 3.24108e+07, -6.84499e+06, -3.01334e+07, 8.77293e+09, -1.65075e+09, -8.09808e+09, 
59.5947, 30.8908, 22.4985, -85.1375, -104.075, -94.5529, -6074.91, -8547.83, -8118.19, -4.39428, -27.9608, -28.5799, -5.1425e+12, -8.19793e+11, -7.149e+12, -2.37106e+16, 
-3.20661e+15, -3.38974e+16, 31.3376, 44.5127, 9.02188, 0.0965229, 0.0884007, 0.0240336, 411.053, 376.553, 102.442, 53.6202, 19.9162, 55.232, 0.109314, 0.131297, 
0.020431, 462.546, 555.565, 86.4512
