44.5578, 57.883, 4.80368, 0.790242, 0.461923, 0.22745, 898.537, 525.225, 258.62, 22.7772, -51.0008, 5.72041, 30454, -74016.4, 310505, 6.16419e+06, 
-1.10296e+07, 5.12315e+07, 55.9158, 13.7432, 17.3945, 1.94236e+13, 2.33901e+12, 2.32567e+13, 1.95341e+16, 1.63509e+15, 2.46842e+16, 25.3383, -43.6086, 24.0454, 242423, -483735, 
6408.07, 9.82912e+08, -1.94804e+09, 4.86065e+07, 50.2568, 57.4672, 48.1635, 0.160529, 0.145651, 0.0801232, 774.093, 702.347, 386.365, 57.1674, 20.7933, 20.0238, 
0.152888, 0.187157, 0.209895, 643.039, 787.174, 882.808, 52.3225, 13.5925, 31.0388, 2.63894, 0.945641, 4.18874, 525.126, 184.21, 845.552, 59.5446, 
59.2724, 21.723, 2.13154e+07, 4.60035e+07, 2.26019e+07, 4.00141e+10, 8.48485e+10, 4.23811e+10, 53.416, 27.9447, 33.0099, -5040.75, -1489.68, 3806.88, -2.24699e+06, -687602, 
1.58541e+06, 39.3742, 16.044, 20.8653, 0.16762, 0.210893, 0.0232806, 621.751, 785.622, 92.526, 57.6938, 11.5375, 6.3082, 7.41907e+08, 1.54963e+08, 5.37931e+08, 
9.84107e+11, 2.18243e+11, 7.15695e+11, -30.9018, -47.9672, 50.437, -226597, -33442.7, 595231, -9.88093e+08, -2.24645e+08, 2.66744e+09, 25.5075, 53.4579, 55.7675, 0.146352, 
0.207899, 0.0801084, 615.51, 874.356, 336.91, 53.9803, 56.7487, 7.23905, 35499.5, 6253.21, 53319.7, 5.53484e+07, 1.11404e+07, 8.21501e+07, 11.5529, 21.0306, 
42.4981, 0.413794, 1.01954, 0.401356, 282.885, 711.82, 284.122, -0.0873252, 22.7991, -5.08734, -5.5924e+09, 4.9276e+10, -9.34157e+10, -6.72022e+12, 5.25588e+13, -9.46861e+13, 
-24.4804, 28.2223, -57.4572, -125653, 358272, -567171, -4.45497e+08, 1.53776e+09, -2.21396e+09, -59.0472, -31.1446, -54.6591, -306270, -88820.4, -197192, -8.5694e+08, 
-2.42059e+08, -5.31213e+08, 18.9404, 25.623, 58.2767, -4.75154, 3.78588, 5.05842, -16725.5, 13229.5, 17794.4, -4.49298, 28.3921, 47.9928, -1.9839e+10, 8.37221e+10, 
4.0945e+10, -5.03114e+13, 1.87921e+14, 8.72907e+13, -2.07218, 49.8281, 57.702, -1.09298e+06, 392438, 3.60101e+06, -1.38678e+08, 4.97887e+07, 4.5689e+08, 57.1635, 35.8938, -17.2738, 
-5225.26, 68261.4, -31762.2, -1.93681e+07, 1.90436e+08, -9.67784e+07, 48.415, 50.3046, 17.9084, -39.5272, 153.799, 4416.08, 244321, 174847, 1.19448e+07, -57.5476, 
-51.1558, -58.0763, -3.47184e+08, -7.25165e+07, -2.51731e+08, -9.84107e+11, -2.18243e+11, -7.15695e+11, 52.9677, 39.7626, 9.40248, -3011.46, -10201.5, 1992.45, -6.31388e+06, -1.61109e+07, 
3.90292e+06, 9.13606, 42.1041, 36.1884, 0.627727, 0.149522, 0.0419022, 743.552, 179.212, 53.9749, 19.0703, 38.7265, 7.22735, 0.100684, 0.21242, 0.194474, 
386.972, 816.418, 747.445, 30.869, 20.9885, 28.8118, 204.988, 417.468, -112.456, 473048, 841228, -286026, 47.2138, -43.6049, -47.0415, 240686, 
-375450, -894202, 1.05932e+09, -1.70004e+09, -4.03415e+09, 37.2547, 40.7254, 34.51, 0.00344808, 0.145213, 0.0671691, 16.8794, 710.862, 328.813, 2.33199, 33.2095, 
3.17864, -20.4582, 0.159124, 2.5779, -24495.1, 559.619, 2592.39, 42.5783, 49.0093, 17.4595, 0.164236, 0.292751, 0.252585, 560.082, 998.344, 861.368, 
29.1678, 5.58456, 58.9034, 0.107855, -0.0294656, 0.148483, 294.48, -77.7839, 406.55, 36.2458, 20.6214, 33.7615, 0.0397444, 0.235838, 0.209024, 106.203, 
630.194, 558.542, -22.2517, 46.9609, 24.8486, -304852, 475870, 1.13334e+06, -1.05853e+09, 1.69997e+09, 4.03396e+09, 20.6625, 37.4927, -37.8219, -12764.3, -6333.81, 
-23606.6, -2.32174e+07, -1.30923e+07, -5.77691e+07, 25.6324, 21.6223, 28.6954, 0.158232, 0.188291, 0.00257956, 657.954, 782.946, 10.7262, 29.3937, 51.0815, 15.5248, 
6.8963, -4.60188, -32.3988, 5152.16, -3675.7, -24645.1, 39.6307, 17.2739, 38.5885, -33.8719, 78.5215, -10.4549, -112001, 255613, -25219.6, 54.6462, 
7.87933, 10.6861, 0.194447, 0.121163, 0.209273, 860.824, 529.95, 923.266, 47.7931, 35.0345, 20.3276, 194.111, -365.783, 447.371, 383268, -698473, 
772039, 48.6817, 58.1599, 54.7561, 1.72123, 1.61615, 0.200054, 695.519, 653.057, 80.8383, -10.1274, 1.05741, 42.2478, -9.5087e+07, 3.31322e+08, 7.87168e+08, 
-1.04027e+11, 4.506e+11, 9.59809e+11, 8.06727, 42.8753, 3.34805, -2.64589, -7.79464, -3.42767, -1681.41, -5337.53, -2110.04, 41.3079, 16.1848, 5.87901, 0.0800395, 
0.193225, 0.140272, 337.595, 814.996, 591.648, 17.0502, 40.4299, 28.4473, 0.13084, 0.209789, 0.20556, 614.237, 984.871, 965.017, 21.3965, 38.1996, 
4.19825, 387.679, 1696.57, 1057.61, 823377, 3.2363e+06, 1.53747e+06, 56.6894, 16.3714, 48.9826, 0.899184, 0.222678, 0.295215, 879.734, 217.862, 288.83, 
19.3355, 18.8033, 28.5471, 0.129715, 0.313978, 0.0351797, 308.716, 747.254, 83.726, 14.4348, 31.8561, 37.7311, 0.122332, 0.265476, 0.0628045, 410.367, 
890.549, 210.68, 37.1898, 36.2329, 56.5963, 0.0538404, 0.150384, 0.067274, 250.159, 698.731, 312.576, 34.711, 57.3319, 37.7317, -47.6548, 46.3865, 
25.2295, -192771, 196166, 104570, 32.07, 20.1484, 9.14432, 5197.15, 5993.38, -151.644, 1.70727e+07, 2.41112e+07, 6.52176e+06, -47.4675, -14.7912, -52.8897, 
-4.38751e+08, -9.46928e+08, -4.65227e+08, -4.00144e+10, -8.48495e+10, -4.23809e+10, -52.8311, -30.0651, -28.7911, -2.35499e+08, -1.70527e+07, -1.69427e+08, -7.35521e+11, -5.75006e+10, -5.22106e+11, 42.0323, 
34.5732, 45.7638, 0.0991306, 0.269173, 0.229941, 177.132, 480.973, 410.871, 53.9184, -15.3426, -17.837, 4.93317e+08, -4.28563e+08, -4.00128e+08, 1.36136e+12, -1.12947e+12, 
-1.13047e+12, 59.1043, 12.8826, 33.5576, 0.385127, 0.569262, 0.834532, 951.794, 1427.47, 2026.79, 59.4749, 53.9493, 11.094, 0.206947, 0.101835, 0.194673, 
959.575, 472.19, 902.662, 6.51733, 12.5576, -18.8699, 21152.3, -7594.14, -69688.2, 1.3868e+08, -4.9787e+07, -4.56888e+08, 17.7647, 43.9124, 6.23057, 0.172035, 
0.0266747, 0.118069, 802.402, 124.416, 550.696, 49.1101, -46.288, 23.8157, 3.87406e+08, -3.60818e+08, 5.75336e+08, 1.17234e+12, -1.06985e+12, 1.77795e+12, 8.30722, 25.2821, 
23.052, 0.454287, 0.530361, 0.0213969, 820.013, 957.329, 38.6225, 59.7006, 46.9139, 50.6556, 0.210744, 0.216028, 0.182484, 270.207, 276.982, 233.974, 
1.89079, 26.2464, 38.0922, 3.37937, 0.362479, 7.49081, 343.255, 36.8191, 760.87, 45.954, 38.318, -53.3699, -13325.8, -2624.15, -34096.1, -4.17325e+07, 
-9.22197e+06, -1.02583e+08, 37.3659, 42.8446, 54.9999, 0.183606, 0.0397669, 0.0920769, 708.799, 153.518, 355.458, 1.174, 38.777, 16.9242, 0.166177, 0.078708, 
0.200177, 827.701, 392.032, 997.052, 8.41726, 52.2315, 10.9895, -32.8529, -13.1953, -7.35689, -111782, -42421.6, -26395, 38.2799, 29.7953, 50.0862, 
1.02357, 0.615532, 1.27413, 509.192, 306.207, 633.841, 21.2921, 57.7771, 23.5525, 0.0450696, 0.0473669, 0.424354, 58.9647, 61.9702, 555.184, -11.2236, 
57.5716, -9.1711, -2.59175e+08, 1.66915e+08, -6.6983e+08, -1.06824e+12, 6.19225e+11, -2.73799e+12, 46.7426, 8.09419, 25.1773, 0.568897, 0.812502, 0.237564, 652.212, 931.492, 
272.355, 48.1633, 5.42162, 11.9493, -300.302, -266.043, -153.063, -1.30157e+06, -1.10051e+06, -650893, 5.10882, 53.0927, 47.616, 0.129621, 0.0872797, 0.165483, 
573.158, 385.935, 731.736, 58.7786, -17.2789, 20.9964, 109546, -304706, 487608, 4.53372e+08, -1.52139e+09, 2.21084e+09, 48.2098, 53.5253, 38.1583, 1.23761, 
4.4127, 1.75042, 254.545, 907.579, 360.016, 54.57, 48.4649, 37.5561, 0.0437505, 0.19717, 0.11473, 162.249, 731.207, 425.477, 31.5131, 58.0047, 
28.0976, 0.579939, 0.343999, 0.711415, 819.91, 487.48, 1004.37, 6.84139, 35.8048, 0.012435, 0.986304, 1.18421, 0.588279, 847.808, 1017.76, 505.344, 
35.9953, 36.8978, 56.3309, 0.408731, 0.470482, 0.195437, 671.375, 767.247, 313.122, 59.3306, 5.72475, 50.35, 0.0130368, 0.28777, 0.191509, 44.6171, 
984.858, 655.417, 35.8649, 48.3165, 45.4545, -267.13, -3071.22, 3644.4, -47486, -2.05036e+06, 2.58556e+06, 14.5994, 26.709, 2.90083, 0.487009, 0.178447, 
0.0453452, 470.701, 172.472, 43.8268, 57.2202, -53.9484, 2.94731, 1.24089e+09, -1.20149e+10, 2.37269e+10, 6.09486e+12, -5.13718e+13, 9.63408e+13, -46.1375, 43.4684, 31.6577, 
-2.4933e+06, 506739, 1.96451e+06, -1.0303e+10, 2.03709e+09, 8.11643e+09, 5.90466, 24.0023, 28.8326, 2.24651, 2.21219, 2.64088, 476.679, 469.397, 560.357, 40.4776, 
6.15594, 23.1202, 0.122942, 0.0834765, 0.2015, 491.412, 333.664, 805.415, 35.5669, 20.2488, -53.1072, 1.86886e+07, 2.76658e+06, -4.90912e+07, 9.88053e+08, 2.25088e+08, 
-2.6673e+09, -31.4214, 8.85733, 55.3826, -237308, 473595, -6267.06, -9.82799e+08, 1.94808e+09, -4.85783e+07, 29.376, 4.75991, -19.5857, 151577, 1508.53, -628054, 
3.813e+08, -2.13036e+07, -1.45875e+09, 13.9946, 23.3424, 20.4117, 0.0409586, 0.268026, 0.0402888, 132.274, 865.579, 130.111, 4.01656, -25.6602, -11.3494, 1.02888e+10, 
-4.34197e+10, -2.12348e+10, 5.03114e+13, -1.87921e+14, -8.72907e+13, 30.418, 51.7302, 51.9993, 0.610019, 3.00419, 1.67574, 182.178, 897.178, 500.447, 29.9006, 41.7791, 
6.16859, 1.03672, 1.04216, 0.165648, 925.493, 930.233, 147.649, 22.797, -55.9844, -25.2006, 3.76528e+07, -7.6305e+06, -2.90291e+07, 1.02265e+10, -2.01339e+09, -7.88788e+09, 
51.4336, 24.3092, 8.87759, -94.8882, -221.744, -233.06, -8268.32, -22765.1, -21021.1, -14.4712, -37.3779, -31.1292, -4.21338e+12, -5.0738e+11, -5.04485e+12, -1.95341e+16, 
-1.63509e+15, -2.46842e+16, 31.3434, 44.5181, 9.02339, 0.0967896, 0.091068, 0.0260028, 412.023, 387.643, 110.571, 53.6268, 19.9241, 55.2333, 0.109314, 0.131297, 
0.020431, 462.546, 555.565, 86.4512
