44.6052, 57.9107, 4.81733, 0.790242, 0.461923, 0.22745, 898.537, 525.225, 258.62, -1.89709, -35.8253, 26.8731, -143708, -68881.5, 281829, -2.38803e+07, 
-8.70195e+06, 4.68586e+07, 18.9129, 34.0037, 43.14, 1.83756e+13, 1.74632e+12, 2.91973e+13, 1.7889e+16, 8.57403e+14, 2.92106e+16, 44.1118, -23.8653, 48.7546, 206754, -457879, 
1335.81, 8.20802e+08, -1.84191e+09, 4.36124e+06, 50.2664, 57.476, 48.1683, 0.160529, 0.145651, 0.0801232, 774.093, 702.347, 386.365, 57.1766, 20.8045, 20.0364, 
0.152888, 0.187157, 0.209895, 643.039, 787.174, 882.808, 52.4798, 13.6578, 31.2942, 2.54904, 1.03243, 4.40185, 508.774, 201.651, 891.11, 28.4432, 
15.3099, 4.27435, 2.0122e+07, 4.66348e+07, 1.98826e+07, 3.76187e+10, 8.63123e+10, 3.64593e+10, 49.1061, 55.4332, 50.5281, -4354.32, -604.326, 11027.4, -1.86635e+06, -237294, 
4.79896e+06, 39.2866, 16.1659, 20.9262, -7.55481, 4.21354, 2.14027, -31213.5, 13154.9, 10887.6, 32.042, -25.8084, 21.9616, 9.07563e+08, -8.69745e+06, 3.19518e+08, 
1.20949e+12, -2.18327e+09, 3.99011e+11, -49.0615, -23.5208, 11.4724, -207049, -58684.9, 661781, -8.43533e+08, -3.07318e+08, 2.94186e+09, 25.5163, 53.4704, 55.7723, 0.146352, 
0.207899, 0.0801084, 615.51, 874.356, 336.91, 26.4516, 24.3995, 10.5368, 35232.6, 5362.04, 68659.4, 5.01628e+07, 9.20326e+06, 1.0042e+08, 11.5847, 21.0905, 
42.5116, 0.557162, 0.939078, 0.125377, 407.367, 656.444, 73.7562, -51.8989, 45.7884, -35.2694, -1.36208e+10, 4.95828e+10, -9.77868e+10, -1.44249e+13, 4.89704e+13, -9.91846e+13, 
9.5999, 27.3714, -54.2706, 340110, 1.46384e+06, -402309, 1.40484e+09, 5.52425e+09, -1.36722e+09, -23.433, -45.1951, -8.45491, -238654, -147356, -159793, -6.72512e+08, 
-4.2314e+08, -4.31054e+08, 18.6592, 25.8446, 58.5783, -4.63295, 3.6208, 5.01626, -16222.8, 12675.1, 17535.4, -0.920833, 4.60555, 31.1579, -1.27117e+10, 9.58418e+10, 
2.92628e+10, -3.45315e+13, 2.02953e+14, 5.73912e+13, 57.9773, -31.2121, -4.46769, 2.29351e+08, -1.20259e+08, -2.69301e+08, 1.42317e+10, -4.7385e+09, -1.5109e+10, 52.2791, 45.4276, -3.9129, 
-7892.13, 93020.5, -38326.7, -2.3596e+07, 2.71484e+08, -1.08657e+08, 32.2671, 46.0111, 9.31609, -1258.98, -982.908, 4755.62, -3.09172e+06, -2.11711e+06, 1.21753e+07, -25.1237, 
26.4706, -24.8192, -4.24704e+08, 4.07005e+06, -1.49522e+08, -1.20949e+12, 2.18323e+09, -3.99011e+11, 37.8787, 2.83644, 2.86074, -11191.2, -10897.3, 7231.27, -1.88383e+07, -1.91226e+07, 
1.10923e+07, 9.23582, 42.1564, 36.2176, 16.287, 11.5568, 6.73365, 37961.6, 27300.3, 15945.8, 19.0764, 38.7392, 7.23902, 0.100684, 0.21242, 0.194474, 
386.972, 816.418, 747.445, 51.5793, 6.73639, 16.5638, 367.187, 909.898, -250.255, 761883, 1.92492e+06, -577710, 2.71368, -50.9697, -31.5994, 188615, 
-383072, -854729, 8.43002e+08, -1.72788e+09, -3.93395e+09, 37.2549, 40.7342, 34.5141, 0.00344808, 0.145213, 0.0671691, 16.8794, 710.862, 328.813, 0.812567, 33.1995, 
3.31042, -24.175, -0.716441, 3.06519, -28299.2, -674.611, 3208.16, 42.5882, 49.0268, 17.4746, 0.164236, 0.292751, 0.252585, 560.082, 998.344, 861.368, 
29.1741, 5.58287, 58.9127, 0.101913, -0.0317953, 0.158963, 279.205, -90.2108, 435.515, 36.2482, 20.6355, 33.7741, 0.0397425, 0.235837, 0.209019, 106.193, 
630.189, 558.52, -16.4163, 30.4173, 25.1096, -238948, 485583, 1.08336e+06, -8.42571e+08, 1.72804e+09, 3.93385e+09, 25.0765, 46.2752, 19.0216, 6307.75, -4423.13, 
-1865.98, 1.07212e+07, -1.69536e+07, -4.86139e+06, 25.6419, 21.6336, 28.6955, 0.158232, 0.188291, 0.00257956, 657.954, 782.946, 10.7262, 29.7504, 50.7347, 13.5314, 
5.06828, -6.78126, -32.9444, 3694.63, -4928.93, -24938.8, 38.1489, 21.8752, 38.2549, -23.5128, 75.5997, -12.4851, -81157.1, 237684, -38435, 54.6581, 
7.88583, 10.6978, 0.200885, 0.11225, 0.17771, 888.429, 500.902, 780.976, 51.4907, 40.4551, 32.8562, -20.9982, -993.683, -130.277, 20179.3, -1.57251e+06, 
-312956, 48.7849, 58.2569, 54.7681, 1.72123, 1.61615, 0.200054, 695.519, 653.057, 80.8383, -0.928964, 35.847, 23.8148, -3.97635e+07, 3.4103e+08, 6.62587e+08, 
-7.9385e+10, 4.03114e+11, 8.3594e+11, 7.95926, 42.2702, 3.10378, -1.77634, -11.8345, -5.15476, -1096.11, -7556.89, -3475.62, 41.3127, 16.1963, 5.88742, 0.0800395, 
0.193225, 0.140272, 337.595, 814.996, 591.648, 17.058, 40.4425, 28.4596, 0.13084, 0.209789, 0.20556, 614.237, 984.871, 965.017, 17.9591, 9.11327, 
50.0209, -1139.62, 2398.92, 4151.66, -1.85792e+06, 4.50885e+06, 6.77042e+06, 56.7434, 16.3848, 49.0003, 0.899184, 0.222678, 0.295215, 879.734, 217.862, 288.83, 
19.3432, 18.8221, 28.5492, 0.129715, 0.313978, 0.0351797, 308.716, 747.254, 83.726, 14.4422, 31.8721, 37.7349, 0.122332, 0.265476, 0.0628045, 410.367, 
890.549, 210.68, 37.193, 36.242, 56.6003, 0.0538404, 0.150384, 0.067274, 250.159, 698.731, 312.576, 30.9016, 59.2378, 39.6254, -203.182, 56.5824, 
-74.7546, -965525, 181882, -347985, 3.37969, 59.4048, 53.986, 2374.14, 4844.4, -9885.66, 1.31781e+07, 2.56456e+07, -4.20129e+07, -7.50195, -33.1256, -42.9634, 
-4.14189e+08, -9.59925e+08, -4.09249e+08, -3.76193e+10, -8.63135e+10, -3.64588e+10, -28.9157, 39.8581, -4.88173, -3.46785e+08, 8.33449e+06, -2.09283e+08, -1.04666e+12, 6.37432e+10, -6.03324e+11, 42.0383, 
34.5893, 45.7776, 0.0991306, 0.269173, 0.229941, 177.132, 480.973, 410.871, 28.4239, -53.2525, -55.44, 6.07133e+08, -3.64196e+08, -3.26691e+08, 1.67751e+12, -1.02434e+12, 
-8.69565e+11, 59.1273, 12.9155, 33.6085, 0.388982, 0.551051, 0.849478, 924.679, 1337.55, 2095.07, 59.4873, 53.9554, 11.1057, 0.206947, 0.101835, 0.194673, 
959.575, 472.19, 902.662, -59.014, 5.65476, 47.726, -4.43854e+06, 2.32731e+06, 5.21166e+06, -1.42317e+10, 4.7385e+09, 1.5109e+10, 17.7751, 43.914, 6.23765, 0.172035, 
0.0266747, 0.118069, 802.402, 124.416, 550.696, 1.9552, -12.8349, 5.72206, 3.4597e+08, -4.0545e+08, 6.84384e+08, 1.08522e+12, -1.2534e+12, 2.07831e+12, 8.33447, 25.3139, 
23.0532, 0.454287, 0.530361, 0.0213969, 820.013, 957.329, 38.6225, 59.7133, 46.9269, 50.6666, 0.210744, 0.216028, 0.182484, 270.207, 276.982, 233.974, 
2.09355, 26.2682, 38.5416, 3.37935, 0.362413, 7.49083, 343.254, 36.8109, 760.872, 49.9808, 14.727, -45.1597, -11978.5, -1220.48, -43055.3, -3.30302e+07, 
-5.38065e+06, -1.22923e+08, 37.3769, 42.847, 55.0054, 0.183606, 0.0397669, 0.0920769, 708.799, 153.518, 355.458, 1.18397, 38.7818, 16.9362, 0.166177, 0.078708, 
0.200177, 827.701, 392.032, 997.052, 6.44068, 51.4873, 10.532, -35.2849, -14.478, -13.4756, -118990, -52351.6, -48742, 38.3413, 29.8322, 50.1626, 
1.02357, 0.615532, 1.27413, 509.192, 306.207, 633.841, 21.2948, 57.78, 23.578, 0.0450696, 0.0473669, 0.424354, 58.9647, 61.9702, 555.184, -38.1255, 
20.5649, -25.3264, -2.45307e+08, 1.97156e+08, -7.12778e+08, -1.00577e+12, 8.50247e+11, -2.91448e+12, 46.7767, 8.14294, 25.1916, 0.568897, 0.812502, 0.237564, 652.212, 931.492, 
272.355, 33.7102, 58.8363, 10.6387, -143.316, -92.3704, 134.069, -590776, -425548, 618019, 5.1166, 53.0979, 47.626, 0.129621, 0.0872797, 0.165483, 
573.158, 385.935, 731.736, -29.8657, -13.3936, 49.3604, -288488, -1.25603e+06, 343875, -1.38461e+09, -5.5051e+09, 1.35693e+09, 48.2841, 53.7901, 38.2633, 1.23761, 
4.4127, 1.75042, 254.545, 907.579, 360.016, 54.5726, 48.4767, 37.563, 0.0437505, 0.19717, 0.11473, 162.249, 731.207, 425.477, 31.3938, 58.0428, 
28.3887, 4.5041, -1.12196, 13.9565, 7094.77, -3064.6, 24000.7, 6.90099, 35.8761, 0.0474628, 1.00002, 1.19111, 0.579837, 859.682, 1023.7, 498.084, 
36.0202, 36.9267, 56.3427, 0.415515, 0.49301, 0.200206, 671.498, 798.907, 321.757, 59.3314, 5.74202, 50.3615, 0.0130368, 0.28777, 0.191509, 44.6171, 
984.858, 655.417, 11.0098, 36.9744, 46.6016, -373.961, -2482.23, 3125.71, -158442, -1.5848e+06, 2.11543e+06, 14.6286, 26.7197, 2.90356, 0.487009, 0.178447, 
0.0453452, 470.701, 172.472, 43.8268, 17.7925, -58.1126, 46.9244, 3.2519e+09, -1.21525e+10, 2.47992e+10, 1.37951e+13, -4.80098e+13, 1.0066e+14, -51.8814, -27.741, 2.8535, 
-2.58117e+06, -87116.2, 2.05765e+06, -1.05589e+10, -4.16077e+08, 8.42485e+09, 6.03945, 24.135, 28.991, 2.24651, 2.21219, 2.64088, 476.679, 469.397, 560.357, 40.485, 
6.16095, 23.1323, 0.122942, 0.0834765, 0.2015, 491.412, 333.664, 805.415, 24.2321, 14.3658, -37.2705, 1.7075e+07, 4.84768e+06, -5.45802e+07, 8.43418e+08, 3.07713e+08, 
-2.94172e+09, -48.4541, 55.9316, 40.4261, -202386, 448282, -1296.17, -8.20681e+08, 1.84197e+09, -4.31072e+06, -41.5783, 32.344, -7.91242, -137642, 25967.2, -781512, 
-3.07396e+08, 7.93745e+07, -1.81131e+09, 13.9971, 23.3585, 20.4141, 0.0409586, 0.268026, 0.0402888, 132.274, 865.579, 130.111, 42.5007, -7.2747, -29.4363, 6.59249e+09, 
-4.97051e+10, -1.51762e+10, 3.45315e+13, -2.02953e+14, -5.73912e+13, 30.4546, 51.9104, 52.0998, 0.610019, 3.00419, 1.67574, 182.178, 897.178, 500.447, 29.9626, 41.8413, 
6.17817, 1.03101, 1.03122, 0.15416, 920.382, 920.443, 137.355, 50.4683, 19.3385, -38.3853, 3.90014e+07, 1.44713e+06, -3.04422e+07, 1.04916e+10, 4.51729e+08, -8.19627e+09, 
47.3428, 0.795065, 54.7395, -52.9579, -535.395, -178.28, -5266.63, -52607.5, -15028.7, -18.1179, -51.4435, -39.3303, -3.98604e+12, -3.78813e+11, -6.33351e+12, -1.7889e+16, 
-8.57403e+14, -2.92106e+16, 31.3492, 44.5236, 9.02502, 0.0987607, 0.0932681, 0.0278578, 420.539, 397.026, 118.68, 53.6333, 19.9319, 55.2345, 0.109314, 0.131297, 
0.020431, 462.546, 555.565, 86.4512
