44.6527, 57.9384, 4.83098, 0.790242, 0.461923, 0.22745, 898.537, 525.225, 258.62, -27.2211, 10.7676, 52.4199, -74803.3, -10402.3, 299354, -1.40807e+07, 
-1.37649e+06, 4.74405e+07, 35.7331, -22.9835, 44.0665, 2.65301e+13, -1.21305e+13, 2.51717e+13, 2.71646e+16, -1.33086e+16, 2.55556e+16, 18.2943, -30.1118, 21.622, 277226, -458699, 
20301, 1.12265e+09, -1.88991e+09, 1.07844e+08, 50.2761, 57.4847, 48.1731, 0.160529, 0.145651, 0.0801232, 774.093, 702.347, 386.365, 57.1857, 20.8158, 20.049, 
0.152888, 0.187157, 0.209895, 643.039, 787.174, 882.808, 52.6353, 13.7191, 31.5517, 2.74959, 1.10925, 4.20743, 558.703, 231.31, 851.405, 18.7044, 
53.9356, 2.31269, 2.55345e+07, 4.92849e+07, 1.77232e+07, 4.70379e+10, 9.09862e+10, 3.1909e+10, 12.1101, 12.1671, 35.7453, -3280.72, -134.452, 9261.26, -1.63932e+06, -131225, 
3.92075e+06, 38.823, 16.3049, 21.353, -9.46244, -0.884031, 9.33295, -31818.4, -5604.84, 30768, 15.1381, -27.6183, 35.1505, 9.72983e+08, -1.71162e+07, 4.02807e+08, 
1.26975e+12, -4.64949e+10, 5.12652e+11, -41.6816, -11.6983, 28.0761, -147760, -78024.2, 791170, -6.49148e+08, -3.23571e+08, 3.44063e+09, 25.525, 53.4829, 55.7771, 0.146352, 
0.207899, 0.0801084, 615.51, 874.356, 336.91, 32.9938, 4.92202, 2.06462, 52892.9, 16139.1, 61712.3, 7.9186e+07, 2.84636e+07, 9.63792e+07, 11.6183, 21.144, 
42.5212, 0.58813, 0.923359, 0.260303, 412.618, 672.818, 186.957, -13.4111, 58.7854, -0.921089, -2.00983e+10, 2.90114e+10, -8.47698e+10, -2.24098e+13, 2.94943e+13, -8.82349e+13, 
37.9032, 54.1445, -24.1567, 901773, 1.3687e+06, -764875, 3.91049e+09, 5.76186e+09, -3.14335e+09, -42.926, -7.74531, -49.2585, -138032, -128593, -139464, -3.64626e+08, 
-3.51865e+08, -3.93474e+08, 18.3745, 26.0589, 58.8685, -4.88161, 3.5038, 4.87166, -17141.2, 12250.2, 17061.6, 37.5422, 32.3906, 34.9324, 7.7659e+09, 1.16865e+11, 
6.13717e+10, 1.55829e+13, 2.54447e+14, 1.31345e+14, -5.54316, 35.4451, -42.965, -2.25257e+08, 2.67289e+08, -1.1838e+08, -1.25433e+10, 1.5077e+10, -9.98847e+09, -39.0302, 41.7261, -1.24019, 
-23551.2, 103176, -40212.3, -7.1263e+07, 2.90883e+08, -1.16164e+08, 37.8088, 36.5736, 44.2942, -2027.17, -1347.83, 6720.64, -4.9768e+06, -4.03085e+06, 1.67436e+07, -55.7118, 
43.8098, -0.000249004, -4.55318e+08, 8.00967e+06, -1.88498e+08, -1.26975e+12, 4.64948e+10, -5.12652e+11, 34.0729, 9.4265, 9.17483, -934.597, -18360.1, 10188.1, -771837, -3.12007e+07, 
1.82186e+07, 23.0702, 7.85028, 50.9371, -73.0185, -2229.67, 1623.93, -175289, -2.77065e+06, 1.93998e+06, 19.0824, 38.752, 7.25068, 0.100684, 0.21242, 0.194474, 
386.972, 816.418, 747.445, 8.46498, 0.646484, 3.03693, 218.327, 884.711, -211.108, 424974, 1.86764e+06, -415736, 0.894547, -9.72156, -30.2295, 257913, 
-333288, -821575, 1.14308e+09, -1.47054e+09, -3.64625e+09, 37.2551, 40.7429, 34.5181, 0.00344808, 0.145213, 0.0671691, 16.8794, 710.862, 328.813, 59.694, 33.244, 
3.41326, -16.5949, 5.77686, 1.67039, -19383.7, 7156.45, 1725.96, 42.598, 49.0444, 17.4898, 0.164236, 0.292751, 0.252585, 560.082, 998.344, 861.368, 
29.1798, 5.58052, 58.9219, 0.101783, -0.0395955, 0.15438, 278.814, -106.216, 425.735, 36.2506, 20.6497, 33.7866, 0.0396776, 0.235727, 0.208859, 106.02, 
629.886, 558.093, -6.91492, 28.0918, 19.1517, -326848, 422450, 1.04147e+06, -1.14286e+09, 1.4706e+09, 3.64668e+09, -20.2968, 10.0973, 54.6473, -29633.4, 8656.47, 
3082.32, -6.34275e+07, 1.99401e+07, 2.66934e+06, 25.6514, 21.6449, 28.6957, 0.158232, 0.188291, 0.00257956, 657.954, 782.946, 10.7262, 29.9444, 50.3282, 11.566, 
1.63841, -6.85587, -33.2755, 1216.32, -5254.08, -24822.4, 38.1523, 25.4699, 37.7967, 11.3321, 49.3887, -16.1321, 29263.3, 149074, -49462.3, 54.6704, 
7.89171, 10.7076, 0.211327, 0.0824376, 0.157512, 936.297, 360.346, 696.751, 42.3111, 29.3783, 6.40254, -142.547, 366.222, -374.928, -242547, 584348, 
-611424, 48.8882, 58.3539, 54.7801, 1.72123, 1.61615, 0.200054, 695.519, 653.057, 80.8383, -53.3078, -49.9429, 42.1113, -1.65096e+08, -1.09345e+07, 8.18982e+08, 
-1.90096e+11, -4.74155e+10, 1.01571e+12, 7.75806, 41.5791, 2.75334, -5.31941, -11.3993, -6.22231, -3278.26, -7514.41, -4098.35, 41.3175, 16.2079, 5.89584, 0.0800395, 
0.193225, 0.140272, 337.595, 814.996, 591.648, 17.0659, 40.4551, 28.4719, 0.13084, 0.209789, 0.20556, 614.237, 984.871, 965.017, 51.9543, 7.38983, 
19.3611, -2088.71, 1557.89, 6834.87, -3.72534e+06, 2.2189e+06, 1.21983e+07, 56.7973, 16.3982, 49.018, 0.899184, 0.222678, 0.295215, 879.734, 217.862, 288.83, 
19.351, 18.841, 28.5513, 0.129715, 0.313978, 0.0351797, 308.716, 747.254, 83.726, 14.4495, 31.888, 37.7387, 0.122332, 0.265476, 0.0628045, 410.367, 
890.549, 210.68, 37.1962, 36.251, 56.6043, 0.0538404, 0.150384, 0.067274, 250.159, 698.731, 312.576, 5.73239, 3.44109, 48.7716, -435.395, 68.8169, 
257.531, -1.91034e+06, 285138, 1.14628e+06, 54.5692, 38.4198, 46.7751, 17641.7, -3916.97, -13023.8, 7.75279e+07, -1.8573e+07, -5.01249e+07, -23.9152, -4.92827, -36.5345, 
-5.25598e+08, -1.01447e+09, -3.64802e+08, -4.70383e+10, -9.09873e+10, -3.19086e+10, -12.3818, -58.889, -19.7903, -3.74092e+08, -1.0253e+07, -1.66648e+08, -1.10313e+12, -4.79068e+10, -5.15025e+11, 42.0442, 
34.6055, 45.7914, 0.0991306, 0.269173, 0.229941, 177.132, 480.973, 410.871, 56.9238, -10.6615, -26.817, 6.47626e+08, -4.90624e+08, -3.09021e+08, 1.73948e+12, -1.32781e+12, 
-7.98607e+11, 59.155, 12.9535, 33.6592, 0.52303, 0.654251, 0.892772, 1270.62, 1599.22, 2213.32, 59.4997, 53.9615, 11.1174, 0.206947, 0.101835, 0.194673, 
959.575, 472.19, 902.662, 46.7148, -27.6637, 5.11062, 4.35931e+06, -5.17273e+06, 2.29096e+06, 1.25433e+10, -1.5077e+10, 9.98848e+09, 17.7854, 43.9156, 6.24473, 0.172035, 
0.0266747, 0.118069, 802.402, 124.416, 550.696, 43.5184, -26.4821, 50.9334, 3.56699e+08, -3.84278e+08, 6.46441e+08, 1.08807e+12, -1.17649e+12, 2.00547e+12, 8.36173, 25.3457, 
23.0545, 0.454287, 0.530361, 0.0213969, 820.013, 957.329, 38.6225, 59.7259, 46.9398, 50.6775, 0.210744, 0.216028, 0.182484, 270.207, 276.982, 233.974, 
2.29631, 26.2899, 38.9911, 3.37928, 0.362389, 7.49087, 343.246, 36.8092, 760.877, 53.3905, 27.6638, -50.8886, -19588, -4842.15, -43196.5, -5.69171e+07, 
-1.73598e+07, -1.30183e+08, 37.3879, 42.8494, 55.0109, 0.183893, 0.0399318, 0.0921121, 711.017, 154.791, 355.729, 1.19394, 38.7865, 16.9482, 0.166177, 0.078708, 
0.200177, 827.701, 392.032, 997.052, 4.2115, 50.395, 9.41532, -37.303, -22.1639, -19.6467, -125785, -77943.7, -66977, 38.4027, 29.8692, 50.2391, 
1.02357, 0.615532, 1.27413, 509.192, 306.207, 633.841, 21.2975, 57.7828, 23.6034, 0.0450696, 0.0473669, 0.424354, 58.9647, 61.9702, 555.184, -19.5139, 
41.1649, -39.64, -2.14838e+08, 2.89386e+08, -7.32511e+08, -8.97903e+11, 1.22387e+12, -3.02137e+12, 46.8109, 8.19169, 25.2058, 0.568897, 0.812502, 0.237564, 652.212, 931.492, 
272.355, 33.845, 41.4372, 24.6536, 106.357, -456.083, 218.882, 475174, -1.9961e+06, 919001, 5.12437, 53.1031, 47.6359, 0.129621, 0.0872797, 0.165483, 
573.158, 385.935, 731.736, -0.695161, -42.6988, 59.7311, -775476, -1.17154e+06, 654892, -3.90828e+09, -5.73077e+09, 3.12595e+09, 48.3584, 54.0549, 38.3683, 1.23761, 
4.4127, 1.75042, 254.545, 907.579, 360.016, 54.5687, 48.5002, 37.6288, -1.46309, -1.20029, 0.0522932, -7502.98, -4894.82, -2015.28, 31.1888, 57.4865, 
29.3313, 3.40496, -10.1128, 9.07273, 6825.58, -16944.2, 12014.6, 6.96154, 35.9478, 0.0819758, 1.01769, 1.1983, 0.57115, 874.936, 1029.88, 490.615, 
36.0449, 36.9559, 56.3537, 0.407234, 0.532971, 0.173158, 666.111, 873.078, 279.591, 59.3322, 5.75929, 50.373, 0.0130368, 0.28777, 0.191509, 44.6171, 
984.858, 655.417, 7.66115, 58.0741, 41.5673, -762.907, 553.2, -2137.78, -584471, 607690, -1.44669e+06, 14.6579, 26.7305, 2.90628, 0.487009, 0.178447, 
0.0453452, 470.701, 172.472, 43.8268, 52.1939, -55.3266, 23.5456, 4.86313e+09, -6.91586e+09, 2.15044e+10, 2.17743e+13, -2.81186e+13, 8.95504e+13, -14.9402, -0.618817, 39.7578, 
-2.2775e+06, -189135, 2.09657e+06, -9.01341e+09, -5.89495e+08, 8.60966e+09, 6.17424, 24.2677, 29.1495, 2.24651, 2.21219, 2.64088, 476.679, 469.397, 560.357, 40.4924, 
6.16595, 23.1444, 0.122942, 0.0834765, 0.2015, 491.412, 333.664, 805.415, 43.172, 40.9114, -29.9699, 1.21851e+07, 6.44147e+06, -6.52516e+07, 6.49035e+08, 3.23892e+08, 
-3.44045e+09, -5.22516, 36.2874, 31.8056, -271377, 449091, -19858.3, -1.12252e+09, 1.88999e+09, -1.07776e+08, -23.0314, 21.8016, -51.8115, -177069, 43630.5, -557925, 
-4.42915e+08, 1.3272e+08, -1.3108e+09, 13.9996, 23.3746, 20.4165, 0.0409586, 0.268026, 0.0402888, 132.274, 865.579, 130.111, -45.7206, -22.7703, -52.0602, -4.02752e+09, 
-6.06082e+10, -3.18284e+10, -1.55829e+13, -2.54447e+14, -1.31345e+14, 30.4912, 52.0907, 52.2004, 0.610019, 3.00419, 1.67574, 182.178, 897.178, 500.447, 30.0243, 41.9028, 
6.187, 1.02469, 1.01888, 0.140947, 914.722, 909.387, 125.516, 15.6351, 9.20731, -19.8355, 3.43795e+07, 3.01076e+06, -3.11724e+07, 8.94185e+09, 6.24334e+08, -8.42114e+09, 
32.3036, 26.5809, 44.1093, -387.027, -509.46, -175.004, -36504, -49198.6, -14664.5, -9.61324, 56.9421, -22.8312, -5.75494e+12, 2.63137e+12, -5.46027e+12, -2.71646e+16, 
1.33086e+16, -2.55556e+16, 31.3552, 44.5293, 9.02676, 0.100463, 0.0970667, 0.0297377, 427.323, 413.074, 126.67, 53.6399, 19.9398, 55.2357, 0.109314, 0.131297, 
0.020431, 462.546, 555.565, 86.4512
