44.7001, 57.9661, 4.84462, 0.790242, 0.461923, 0.22745, 898.537, 525.225, 258.62, -6.84851, -50.8501, 4.59814, -305196, -109799, 260817, -5.20488e+07, 
-1.72277e+07, 4.43341e+07, 54.3817, -20.073, 19.0756, 3.25619e+13, -8.22615e+12, 2.01806e+13, 3.33073e+16, -8.15953e+15, 2.00213e+16, 33.9288, -31.7752, 22.1058, 295370, -440967, 
-12229.1, 1.21406e+09, -1.78275e+09, -3.94012e+07, 50.2857, 57.4934, 48.1779, 0.160529, 0.145651, 0.0801232, 774.093, 702.347, 386.365, 57.1949, 20.827, 20.0615, 
0.152888, 0.187157, 0.209895, 643.039, 787.174, 882.808, 52.8019, 13.7797, 31.8173, 2.66247, 0.933128, 4.56632, 535.306, 192.739, 923.781, 0.990674, 
25.9354, 13.306, 2.32689e+07, 4.54799e+07, 2.03713e+07, 4.30337e+10, 8.33636e+10, 3.66634e+10, 21.686, 50.7413, 35.6178, -3824.91, 423.536, 12339.8, -1.64788e+06, 143464, 
5.21123e+06, 38.3236, 15.9059, 21.8743, -11.3925, -21.6534, 10.5441, -43296.8, -85510.1, 35166.2, 53.7645, 49.2378, 14.5886, 1.16289e+09, 6.9874e+07, 4.66619e+08, 
1.50204e+12, 9.68371e+10, 5.92821e+11, -44.3675, 32.934, 59.1559, -247299, 15744.2, 860433, -1.08328e+09, 3.21335e+07, 3.78981e+09, 25.4862, 53.4196, 55.6809, -11.7489, 
-18.7284, -25.1848, -99439.6, -158406, -212175, 19.0861, 53.2165, 12.1838, 54265.9, 36040.5, 48947.9, 7.85576e+07, 5.53872e+07, 7.02897e+07, 11.6581, 21.1999, 
42.5493, 0.736223, 0.958021, 0.590686, 525.01, 700.516, 427.113, 59.4894, 59.3902, -12.4449, 5.45424e+09, 1.16873e+10, -1.02709e+11, 5.13533e+12, 1.30733e+13, -1.03289e+14, 
58.401, 10.3041, -55.9953, 1.01136e+06, 815118, -1.34379e+06, 3.85531e+09, 3.34549e+09, -5.35086e+09, -5.1759, -15.2267, -27.3344, -155032, -155104, -59507, -4.25179e+08, 
-4.38625e+08, -1.6884e+08, 18.0814, 26.268, 59.1588, -4.79947, 3.50592, 4.92349, -16830.9, 12275.6, 17274.9, -23.8786, 14.194, 0.260358, -2.78488e+10, 9.12403e+10, 
5.64913e+10, -5.45998e+13, 2.06473e+14, 1.20267e+14, -41.1047, 34.9099, -40.0157, -6.83691e+07, 6.82605e+08, -5.44392e+08, -3.95705e+09, 4.40424e+10, -3.51476e+10, -23.7873, 2.66022, -1.21751, 
-41923.1, 110286, -36264, -1.21925e+08, 3.11113e+08, -1.12176e+08, 52.6722, 20.9875, 15.317, -3524.82, -1067.64, 6100.12, -9.61543e+06, -3.14296e+06, 1.55925e+07, -50.5439, 
-24.1314, -52.9501, -5.4419e+08, -3.26984e+07, -2.1836e+08, -1.50204e+12, -9.68373e+10, -5.92821e+11, 20.0039, -1.16958, 39.3962, -790.687, -28608.1, 5973.18, -2.87903e+06, -4.74265e+07, 
8.56743e+06, 46.8217, 41.9168, 15.0503, -961.783, -2234.97, 1055.35, -1.21448e+06, -2.47625e+06, 1.05401e+06, 19.0885, 38.7647, 7.26235, 0.100684, 0.21242, 0.194474, 
386.972, 816.418, 747.445, 25.891, 55.1621, 54.4617, 314.949, 865.586, -38.0026, 686630, 1.88636e+06, 29294.6, 23.5312, -20.8498, -43.1979, 195635, 
-502763, -739614, 9.3566e+08, -2.20741e+09, -3.27543e+09, 37.2553, 40.7516, 34.5221, 0.00344808, 0.145213, 0.0671691, 16.8794, 710.862, 328.813, 58.8449, 33.452, 
3.56949, -14.5464, -1.00449, 1.7113, -17441.1, -1466.91, 1683.46, 42.6079, 49.062, 17.505, 0.164236, 0.292751, 0.252585, 560.082, 998.344, 861.368, 
29.1858, 5.57878, 58.9315, 0.0972594, -0.0257962, 0.157678, 266.948, -67.6169, 433.408, 36.253, 20.6638, 33.7991, 0.039592, 0.235497, 0.208722, 105.788, 
629.265, 557.728, -53.6002, 23.2358, 49.8228, -247930, 637260, 937682, -9.3551e+08, 2.20745e+09, 3.27618e+09, 20.2012, 19.5964, -56.5059, -11984.2, 32059.5, 
-22567.4, -3.1176e+07, 7.17341e+07, -4.58879e+07, 25.6609, 21.6562, 28.6958, 0.158232, 0.188291, 0.00257956, 657.954, 782.946, 10.7262, 30.0956, 49.9972, 9.64508, 
3.67103, -4.38418, -31.8842, 2921.72, -3264.99, -24291.7, 39.2568, 28.3039, 36.9823, 30.9794, 42.2123, -22.2691, 90729.3, 129053, -76033.1, 54.6841, 
7.89659, 10.7176, 0.247721, 0.0960466, 0.178799, 1100.02, 428.267, 794.74, 28.0197, 48.858, 45.954, 6.32803, 73.9173, -550.837, -49773.6, 149283, 
-949388, 48.9915, 58.4509, 54.7921, 1.72123, 1.61615, 0.200054, 695.519, 653.057, 80.8383, -39.4614, -9.36578, 38.4307, -6.02406e+07, -1.58219e+06, 7.71138e+08, 
-5.87032e+10, -1.32547e+10, 9.62987e+11, 7.48386, 40.9525, 2.38382, -6.21295, -10.1304, -5.60573, -4268.28, -6680.94, -3766.56, 41.3223, 16.2195, 5.90425, 0.0800395, 
0.193225, 0.140272, 337.595, 814.996, 591.648, 17.0737, 40.4677, 28.4843, 0.13084, 0.209789, 0.20556, 614.237, 984.871, 965.017, 30.7817, 45.8636, 
14.8671, -648.179, -602.691, 5357.07, -1.61255e+06, -494535, 9.7413e+06, 56.8513, 16.4115, 49.0357, 0.899184, 0.222678, 0.295215, 879.734, 217.862, 288.83, 
19.3588, 18.8598, 28.5535, 0.129715, 0.313978, 0.0351797, 308.716, 747.254, 83.726, 14.4568, 31.9039, 37.7424, 0.122332, 0.265476, 0.0628045, 410.367, 
890.549, 210.68, -48.6921, 41.2289, -1.09329, -1.62785e+07, 1.04586e+07, -3.51525e+06, -1.5127e+11, 9.71881e+10, -3.26658e+10, 48.2235, 10.6319, 60.0144, -242.464, 218.103, 
165.438, -1.12148e+06, 951310, 648609, 24.1378, 21.9177, 27.8887, 17685.1, -11766.5, 1237, 8.32449e+07, -5.45165e+07, 1.54017e+06, -34.7923, -54.1134, -0.879946, 
-4.78963e+08, -9.36154e+08, -4.19312e+08, -4.30342e+10, -8.33648e+10, -3.66631e+10, -59.5321, -30.7753, -13.9673, -3.51025e+08, -8.73183e+07, -3.58072e+08, -1.06977e+12, -2.81144e+11, -1.04547e+12, 42.0502, 
34.6216, 45.8052, 0.0991306, 0.269173, 0.229941, 177.132, 480.973, 410.871, 48.1632, -29.7482, -36.7581, 5.39993e+08, -4.23228e+08, -3.21083e+08, 1.50227e+12, -1.1883e+12, 
-9.135e+11, 59.1844, 12.9906, 33.7188, 0.442787, 0.595347, 1.03535, 1049.41, 1440.65, 2550.49, 59.5122, 53.9676, 11.1291, 0.206947, 0.101835, 0.194673, 
959.575, 472.19, 902.662, 29.9889, -22.6682, 48.8655, 1.32312e+06, -1.32101e+07, 1.05354e+07, 3.95705e+09, -4.40424e+10, 3.51476e+10, 17.7957, 43.9172, 6.25182, 0.172035, 
0.0266747, 0.118069, 802.402, 124.416, 550.696, 4.99466, -50.6398, 32.2544, 3.3583e+08, -3.90364e+08, 6.01508e+08, 1.04936e+12, -1.18488e+12, 1.80891e+12, 8.38899, 25.3775, 
23.0558, 0.454287, 0.530361, 0.0213969, 820.013, 957.329, 38.6225, 59.7386, 46.9528, 50.6885, 0.210744, 0.216028, 0.182484, 270.207, 276.982, 233.974, 
2.49907, 26.3117, 39.4405, 3.37933, 0.36245, 7.49083, 343.25, 36.8143, 760.87, 16.1818, 25.6184, -26.5555, -18650.2, -14698, -36752.4, -5.07409e+07, 
-4.4303e+07, -1.05214e+08, 37.3982, 42.8517, 55.0162, 0.162838, 0.0321619, 0.0894057, 628.236, 123.313, 348.842, 1.20391, 38.7912, 16.9603, 0.166177, 0.078708, 
0.200177, 827.701, 392.032, 997.052, 1.99715, 48.5723, 8.01147, -36.8493, -36.8837, -22.8834, -128173, -128650, -79721, 38.4641, 29.9061, 50.3155, 
1.02357, 0.615532, 1.27413, 509.192, 306.207, 633.841, 21.3002, 57.7857, 23.6289, 0.0450696, 0.0473669, 0.424354, 58.9647, 61.9702, 555.184, -2.31422, 
50.8466, -44.4286, -2.31481e+08, 2.91056e+08, -6.84376e+08, -9.906e+11, 1.19814e+12, -2.77206e+12, 46.845, 8.24044, 25.2201, 0.568897, 0.812502, 0.237564, 652.212, 931.492, 
272.355, 40.5806, 15.8077, 31.0468, 58.733, -344.142, 164.063, 233392, -1.53505e+06, 737729, 5.13215, 53.1084, 47.6458, 0.129621, 0.0872797, 0.165483, 
573.158, 385.935, 731.736, -43.5939, -34.2726, 38.3405, -869750, -691500, 1.15466e+06, -3.85055e+09, -3.29813e+09, 5.34328e+09, 48.4326, 54.3196, 38.4734, 1.23761, 
4.4127, 1.75042, 254.545, 907.579, 360.016, 54.3881, 48.1416, 37.7485, -1.62417, -8.81276, 5.6053, -5954.63, -31963.3, 18545.2, 31.1455, 56.3165, 
29.1421, -7.51806, -39.3276, -14.1731, -15408.3, -50660.9, -16312.8, 7.02325, 36.0199, 0.115962, 1.03822, 1.20513, 0.56225, 892.635, 1035.74, 482.96, 
4.41875, -57.4007, 18.4644, 4.64344e+07, -2.98332e+07, 1.00272e+07, 1.5127e+11, -9.71881e+10, 3.26658e+10, 58.9059, 5.82963, 50.6797, -27.0591, 5.8207, 20.674, -98709.7, 
22457.6, 76184.9, 38.9377, 11.8624, 42.3835, -62.7641, -1042.07, -72.5847, 176040, -810911, 263742, 14.6871, 26.7412, 2.909, 0.487009, 0.178447, 
0.0453452, 470.701, 172.472, 43.8268, -11.8112, -4.49149, 13.0976, -1.46619e+09, -2.5764e+09, 2.61327e+10, -5.56659e+12, -1.16034e+13, 1.05249e+14, -55.7623, -11.4522, 13.6111, 
-2.55232e+06, -535595, 2.28258e+06, -1.04334e+10, -2.26136e+09, 9.15854e+09, 6.30903, 24.4005, 29.3079, 2.24651, 2.21219, 2.64088, 476.679, 469.397, 560.357, 40.4997, 
6.17096, 23.1565, 0.122942, 0.0834765, 0.2015, 491.412, 333.664, 805.415, 0.166561, -13.7049, -2.63221, 2.03949e+07, -1.29072e+06, -7.09662e+07, 1.08317e+09, -3.17188e+07, 
-3.78975e+09, -29.8973, 3.93294, 38.8284, -289140, 431744, 11991.8, -1.21394e+09, 1.78288e+09, 3.94827e+07, -49.4428, -51.3049, -50.9409, -291428, -160282, -465927, 
-7.09805e+08, -3.35062e+08, -1.08292e+09, 14.002, 23.3907, 20.4189, 0.0409586, 0.268026, 0.0402888, 132.274, 865.579, 130.111, 36.7753, -8.4314, -38.8419, 1.44428e+10, 
-4.73187e+10, -2.92973e+10, 5.45998e+13, -2.06473e+14, -1.20267e+14, 30.5278, 52.2709, 52.3009, 0.610019, 3.00419, 1.67574, 182.178, 897.178, 500.447, 30.0856, 41.9634, 
6.19498, 1.01772, 1.00499, 0.1258, 908.483, 896.95, 111.946, 16.4023, 7.35805, -11.5706, 3.86355e+07, 8.13709e+06, -3.415e+07, 1.03812e+10, 2.25623e+09, -9.00656e+09, 
11.8267, 52.5783, 36.201, -234.077, -497.941, -35.6895, -22002.7, -47849.2, -1375.76, -26.2973, 27.7519, -34.3426, -7.06335e+12, 1.78442e+12, -4.3776e+12, -3.33073e+16, 
8.15953e+15, -2.00213e+16, 31.3612, 44.5353, 9.02862, 0.100501, 0.1006, 0.032758, 427.082, 427.913, 139.565, 53.6464, 19.9477, 55.2369, 0.109314, 0.131297, 
0.020431, 462.546, 555.565, 86.4512
