44.7475, 57.9938, 4.85827, 0.790242, 0.461923, 0.22745, 898.537, 525.225, 258.62, -49.0072, -56.2298, 50.7597, -193511, -213529, 133949, -3.1438e+07, 
-3.55013e+07, 2.09763e+07, 50.4748, -37.89, 55.9622, 2.53103e+13, -4.06234e+12, 2.48969e+13, 2.61995e+16, -3.96204e+15, 2.62668e+16, 59.6645, -44.7725, -1.75147, 309650, -477312, 
-16520.3, 1.28061e+09, -1.93827e+09, -6.87341e+07, 50.2953, 57.5022, 48.1827, 0.160529, 0.145651, 0.0801232, 774.093, 702.347, 386.365, 57.2041, 20.8382, 20.0741, 
0.152888, 0.187157, 0.209895, 643.039, 787.174, 882.808, 52.9521, 13.8325, 32.0955, 2.36621, 0.956227, 4.61105, 482.582, 194.18, 927.358, 35.5364, 
3.56251, 39.201, 2.25224e+07, 4.45617e+07, 1.83607e+07, 4.14705e+10, 8.24786e+10, 3.40137e+10, 38.1694, 46.5852, 14.6928, -5874.08, 1234.26, 7844.81, -2.49007e+06, 705040, 
3.33222e+06, 29.4532, 8.85144, 23.789, -1990.6, -1677.05, 309.743, -1.47221e+07, -1.24512e+07, 2.25895e+06, 46.65, 44.1726, 41.3792, 1.08074e+09, 8.751e+07, 6.84715e+08, 
1.38586e+12, 1.39584e+11, 9.17323e+11, -54.2016, 6.71868, 38.1284, -415168, 27624.1, 829917, -1.87931e+09, 1.89812e+08, 3.5649e+09, 33.6388, 14.7999, 54.1192, -72.9676, 
-213.307, 150.505, -765391, -2.06391e+06, 419902, 59.5566, 12.3001, 49.6052, 68875.1, 53767.7, 52673, 1.07873e+08, 8.34798e+07, 8.00804e+07, 11.7085, 21.257, 
42.5866, 0.899295, 1.02463, 0.630387, 662.541, 717.88, 458.453, 44.4741, 11.9328, -39.0375, 4.59439e+09, 7.77634e+09, -8.87706e+10, 6.70966e+12, 6.94388e+12, -9.30266e+13, 
51.3107, 30.4403, -9.58706, 1.60333e+06, 795611, -975603, 6.59579e+09, 3.1699e+09, -4.03516e+09, -46.9189, -5.21468, -9.74327, -177318, -178978, -23056.1, -4.95631e+08, 
-4.7278e+08, -7.32447e+07, 17.797, 26.4744, 59.4528, -4.71997, 3.34204, 4.92108, -16481.1, 11670.2, 17219.6, -2.30968, 33.3096, 37.0276, -3.23295e+10, 1.07489e+11, 
6.46797e+10, -7.3751e+13, 2.38949e+14, 1.44399e+14, 9.06715, 35.7084, -8.71956, 2.7332e+08, 1.00546e+09, -2.96578e+08, 1.66367e+10, 6.67144e+10, -1.8253e+10, -4.97569, 59.7196, -32.4097, 
-25136.8, 109654, -54371.3, -7.80032e+07, 3.05766e+08, -1.6363e+08, 41.9276, 11.6522, 29.4758, -3610.21, -2403.74, 6412.72, -9.88194e+06, -6.03506e+06, 1.65983e+07, -8.24973, 
-3.51061, -16.6946, -5.05743e+08, -4.09514e+07, -3.2042e+08, -1.38586e+12, -1.39584e+11, -9.17323e+11, 5.44192, -24.8661, 18.9012, -2203.94, -21869.3, 14041.7, -3.08108e+06, -3.50954e+07, 
2.41928e+07, 0.89577, 27.1493, 23.9023, 6222.31, 2415.72, 648.956, 1.46578e+07, 9.22959e+06, -162245, 19.0945, 38.7775, 7.27402, 0.100684, 0.21242, 0.194474, 
386.972, 816.418, 747.445, 30.1366, 6.25168, 49.982, 454.156, 1262.39, -443.274, 1.47795e+06, 3.90693e+06, -703842, 8.72318, -58.5932, -41.6739, 154674, 
-573024, -672054, 6.28423e+08, -2.64772e+09, -3.01148e+09, 37.2555, 40.7603, 34.5262, 0.00344808, 0.145213, 0.0671691, 16.8794, 710.862, 328.813, 57.738, 33.0883, 
3.44765, -20.4782, -7.78194, -3.53024, -24557.3, -9117.8, -4393.11, 42.6178, 49.0795, 17.5201, 0.164236, 0.292751, 0.252585, 560.082, 998.344, 861.368, 
29.1921, 5.57781, 58.9412, 0.108769, -0.0149759, 0.167123, 297.644, -40.702, 460.361, 36.2553, 20.6779, 33.8116, 0.0394562, 0.235178, 0.208618, 105.422, 
628.407, 557.454, -9.88204, 3.34039, 19.0165, -195929, 726496, 851983, -6.28021e+08, 2.64838e+09, 3.01207e+09, -31.8974, 47.9173, 29.5876, -28149.5, 22778.5, 
-10871.4, -6.04189e+07, 4.42458e+07, -2.8299e+07, 25.6704, 21.6675, 28.696, 0.158232, 0.188291, 0.00257956, 657.954, 782.946, 10.7262, 30.279, 49.6719, 7.71364, 
3.08187, -5.86651, -31.8491, 2247.62, -4380.41, -23762.5, 40.4785, 30.0726, 36.0572, 16.989, 19.3581, -17.744, 49639.5, 63928.9, -61926.3, 54.7003, 
7.90314, 10.7281, 0.286093, 0.114087, 0.172022, 1267.03, 503.788, 762.091, 42.2501, 10.703, 58.1452, 333.113, 224.413, -1079.48, 563142, 324895, 
-1.9294e+06, 49.0948, 58.5478, 54.8041, 1.72123, 1.61615, 0.200054, 695.519, 653.057, 80.8383, 22.4727, 18.1203, 35.2751, 1.22184e+08, 1.39144e+08, 5.4441e+08, 
1.46076e+11, 1.64695e+11, 6.74162e+11, 7.08622, 40.3318, 1.94714, -5.8712, -11.0808, -7.4974, -3799.3, -7296.37, -4815.76, 41.3272, 16.2311, 5.91267, 0.0800395, 
0.193225, 0.140272, 337.595, 814.996, 591.648, 17.0816, 40.4803, 28.4966, 0.13084, 0.209789, 0.20556, 614.237, 984.871, 965.017, 24.6188, 35.0315, 
6.64291, 196.548, -1833.46, 5568.05, -212855, -2.78163e+06, 8.88431e+06, 56.9052, 16.4249, 49.0534, 0.899184, 0.222678, 0.295215, 879.734, 217.862, 288.83, 
19.3666, 18.8787, 28.5556, 0.129715, 0.313978, 0.0351797, 308.716, 747.254, 83.726, 14.4642, 31.9198, 37.7462, 0.122332, 0.265476, 0.0628045, 410.367, 
890.549, 210.68, 35.8978, 4.86777, 1.03599, 1.48231e+09, 4.58854e+09, 2.52674e+09, 8.47174e+12, 2.16851e+13, 1.26387e+13, 32.2623, 25.1401, 47.7787, -306.34, 366.761, 
-322.958, -1.35966e+06, 1.65174e+06, -1.41039e+06, 57.5756, 14.2627, 42.4736, 21457.2, -3171.64, 269.807, 9.18762e+07, -8.80087e+06, 7.28138e+06, -20.6591, -16.8561, -42.9088, 
-4.63598e+08, -9.17253e+08, -3.77923e+08, -4.14709e+10, -8.24798e+10, -3.40131e+10, -17.153, -22.4699, -8.28833, -2.98275e+08, -8.19387e+07, -3.19813e+08, -8.9795e+11, -2.67737e+11, -9.71845e+11, 42.0561, 
34.6378, 45.819, 0.0991306, 0.269173, 0.229941, 177.132, 480.973, 410.871, 33.2731, -12.5588, -40.3824, 6.42829e+08, -4.1401e+08, -4.33412e+08, 1.73296e+12, -1.158e+12, 
-1.22269e+12, 59.2096, 13.0294, 33.7819, 0.325089, 0.721066, 1.11624, 749.078, 1786.58, 2691.14, 59.5246, 53.9737, 11.1407, 0.206947, 0.101835, 0.194673, 
959.575, 472.19, 902.662, -19.4687, -29.9192, 24.6616, -5.28945e+06, -1.94583e+07, 5.73955e+06, -1.66367e+10, -6.67144e+10, 1.8253e+10, 17.806, 43.9188, 6.2589, 0.172035, 
0.0266747, 0.118069, 802.402, 124.416, 550.696, 6.10012, -31.5227, 20.1569, 3.14737e+08, -3.73075e+08, 6.61505e+08, 9.36599e+11, -1.14531e+12, 2.02727e+12, 8.41625, 25.4093, 
23.0571, 0.454287, 0.530361, 0.0213969, 820.013, 957.329, 38.6225, 59.7512, 46.9657, 50.6994, 0.210744, 0.216028, 0.182484, 270.207, 276.982, 233.974, 
2.70182, 26.3334, 39.89, 3.37928, 0.362427, 7.49075, 343.246, 36.8131, 760.864, -17.3947, 51.1199, -39.8622, -25488.8, -21450.7, -40550, -7.78257e+07, 
-6.65872e+07, -1.19535e+08, 37.4081, 42.8536, 55.0217, 0.17541, 0.0283512, 0.0936729, 678.111, 113.343, 364.269, 1.21389, 38.7959, 16.9723, 0.166177, 0.078708, 
0.200177, 827.701, 392.032, 997.052, 59.8065, 46.1856, 6.68828, -35.9695, -38.219, -22.2264, -120998, -129352, -78111.1, 38.5255, 29.943, 50.392, 
1.02357, 0.615532, 1.27413, 509.192, 306.207, 633.841, 21.3029, 57.7885, 23.6544, 0.0450696, 0.0473669, 0.424354, 58.9647, 61.9702, 555.184, -9.59491, 
6.62331, -34.0685, -2.71741e+08, 2.35006e+08, -6.59472e+08, -1.08258e+12, 9.80606e+11, -2.70159e+12, 46.8791, 8.28919, 25.2343, 0.568897, 0.812502, 0.237564, 652.212, 931.492, 
272.355, 39.2402, 48.2659, 41.0606, -57.199, -436.736, 157.141, -244259, -1.85413e+06, 714105, 5.13993, 53.1136, 47.6558, 0.129621, 0.0872797, 0.165483, 
573.158, 385.935, 731.736, -9.31113, -55.8662, 3.11501, -1.37865e+06, -677049, 834919, -6.59042e+09, -3.13477e+09, 4.0119e+09, 48.5069, 54.5844, 38.5784, 1.23761, 
4.4127, 1.75042, 254.545, 907.579, 360.016, 54.4269, 47.543, 37.9583, 2.58979, -7.16778, 4.85377, 7195.02, -24642.9, 17719.9, 30.2694, 55.9545, 
28.5252, -16.882, 0.860645, 7.26683, -15573.6, 10278.1, 9370.51, 7.08626, 36.0924, 0.149406, 1.06134, 1.21147, 0.552915, 912.563, 1040.47, 474.63, 
-11.6634, -12.8502, -54.791, -4.22828e+09, -1.30888e+10, -7.20751e+09, -8.47174e+12, -2.16851e+13, -1.26387e+13, 53.9598, 8.00585, 53.5981, -142.834, 75.6123, 55.7025, -501745, 
268670, 187783, 31.3058, 35.7151, 51.6414, 611.328, -126.54, 1225.12, 566701, -145033, 646168, 14.7167, 26.7518, 2.91122, 0.515487, 0.175496, 
0.0126136, 504.459, 169.041, 4.99617, -55.7681, -7.92642, 31.3461, -1.35758e+09, -1.60919e+09, 2.2697e+10, -7.54329e+12, -5.51728e+12, 9.52226e+13, -51.8219, -53.755, 6.61016, 
-2.11774e+06, -623712, 2.23237e+06, -8.73118e+09, -2.44918e+09, 9.10236e+09, 6.44382, 24.5332, 29.4664, 2.24651, 2.21219, 2.64088, 476.679, 469.397, 560.357, 40.5071, 
6.17597, 23.1686, 0.122942, 0.0834765, 0.2015, 491.412, 333.664, 805.415, 23.7576, -59.1524, -45.6801, 3.4239e+07, -2.26911e+06, -6.84486e+07, 1.87912e+09, -1.89323e+08, 
-3.56479e+09, -25.2954, 23.0616, 35.5598, -303121, 467327, 16192.5, -1.28049e+09, 1.9384e+09, 6.8814e+07, -49.1362, -30.0383, -33.6237, -355007, -293703, -511579, 
-8.27234e+08, -7.08473e+08, -1.23754e+09, 14.0045, 23.4067, 20.4214, 0.0409586, 0.268026, 0.0402888, 132.274, 865.579, 130.111, 24.4487, -47.2176, -24.5476, 1.67666e+10, 
-5.57454e+10, -3.35439e+10, 7.3751e+13, -2.38949e+14, -1.44399e+14, 30.5644, 52.4512, 52.4014, 0.610019, 3.00419, 1.67574, 182.178, 897.178, 500.447, 30.1452, 42.0216, 
6.20159, 0.939334, 0.902348, 0.0827595, 859.174, 784.205, 77.13, 6.5614, 53.9772, -21.5698, 3.18697e+07, 9.51945e+06, -3.3346e+07, 8.63993e+09, 2.45587e+09, -8.94244e+09, 
59.8267, 22.2223, 36.7128, -265.036, -453.222, 49.8933, -24633.5, -43672, 5727.01, -32.4224, 56.7316, -13.9533, -5.49034e+12, 8.81205e+11, -5.40066e+12, -2.61995e+16, 
3.96204e+15, -2.62668e+16, 31.3673, 44.5414, 9.0307, 0.102105, 0.104608, 0.0367445, 434.402, 444.77, 156.18, 53.653, 19.9556, 55.2382, 0.109314, 0.131297, 
0.020431, 462.546, 555.565, 86.4512
