44.7949, 58.0215, 4.87192, 0.790242, 0.461923, 0.22745, 898.537, 525.225, 258.62, -17.7039, -36.6323, -9.25468, -80295.4, -358869, -106293, -1.57006e+07, 
-5.98236e+07, -1.56029e+07, 10.1602, -52.653, 52.0375, 3.21224e+13, -7.2372e+12, 2.5969e+13, 3.35647e+16, -6.98173e+15, 2.67579e+16, 56.1365, -47.0163, -9.78551, 355878, -446015, 
-56531.6, 1.45811e+09, -1.79354e+09, -2.1084e+08, 50.305, 57.5109, 48.1875, 0.160529, 0.145651, 0.0801232, 774.093, 702.347, 386.365, 57.2226, 20.854, 20.0778, 
0.414208, 0.279187, -0.567953, 1530.04, 1573.26, -1862.38, 53.1031, 13.8862, 32.3674, 2.51358, 0.698218, 4.52513, 498.154, 133.597, 907.272, 17.9588, 
24.4189, 32.2729, 2.33115e+07, 4.51723e+07, 1.64326e+07, 4.28587e+10, 8.3416e+10, 2.93621e+10, 41.6542, 6.86684, 11.0534, -6946.76, 3728.02, 8640.23, -2.83967e+06, 1.76751e+06, 
3.59274e+06, -26.766, -10.0355, 4.15832, -72871.3, -167434, 371558, -4.096e+08, -4.77132e+08, 1.54658e+09, 44.4307, 49.6018, 47.0078, 8.72055e+08, 2.13189e+08, 5.61127e+08, 
1.11529e+12, 2.72449e+11, 7.05755e+11, -19.6488, 22.5605, 11.0151, -375852, 69051.6, 859809, -1.57675e+09, 3.7036e+08, 3.76987e+09, 44.5305, 46.7093, 51.3938, 492.667, 
-1511.46, 800.533, 680596, -6.83275e+06, 3.51272e+06, 45.5385, 24.7332, 15.9323, 54854.1, 76403.9, 35097.9, 8.11153e+07, 1.13645e+08, 5.54195e+07, 11.7611, 21.3233, 
42.6221, 0.88407, 1.19231, 0.633157, 646.285, 867.801, 472.514, -54.5936, 21.5614, -13.4246, -1.48869e+10, 1.15731e+10, -8.40666e+10, -1.73427e+13, 1.38774e+13, -8.54474e+13, 
56.793, 32.3944, -43.0769, 1.72851e+06, 842531, -1.27929e+06, 6.67605e+09, 3.67848e+09, -4.86025e+09, -56.6738, -6.03126, 43.2586, -158686, -203861, -2837.36, -4.55047e+08, 
-5.73636e+08, 1.12933e+07, 17.5026, 26.6772, 59.7503, -5.06414, 3.40811, 5.06322, -17762.8, 11963.2, 17826.8, -32.143, 0.0490715, 1.17573, -1.68113e+09, 1.35632e+11, 
2.98442e+10, -7.80155e+11, 2.97952e+14, 6.90767e+13, 56.1603, 47.1026, 25.3443, 2.45076e+08, 1.15966e+09, 2.24741e+08, 1.43256e+10, 7.6241e+10, 1.484e+10, -53.0504, 33.9372, -32.8122, 
-35958.1, 111438, -66590.3, -1.08757e+08, 3.16542e+08, -1.83489e+08, 51.9619, 31.9209, 8.05723, -4416.33, -2448.17, 6560.28, -1.14623e+07, -6.38531e+06, 1.65785e+07, -52.1665, 
-41.8597, -17.8745, -4.08088e+08, -9.97641e+07, -2.62586e+08, -1.11529e+12, -2.7245e+11, -7.05755e+11, 26.751, -21.2487, 36.3001, 4409.07, -27129.1, 5338.26, 7.57168e+06, -4.58836e+07, 
9.175e+06, 44.4203, 57.0622, -5.36078, 227592, 521982, -1.16218e+06, 4.08674e+08, 4.7422e+08, -1.54437e+09, 19.1006, 38.7902, 7.28569, 0.100684, 0.21242, 0.194474, 
386.972, 816.418, 747.445, 25.4983, 57.8002, 45.331, -739.312, 4163.31, -1742.86, -250183, 9.45733e+06, -3.88525e+06, 22.7865, -10.7987, -15.1094, 158612, 
-463895, -526706, 7.18321e+08, -2.10249e+09, -2.3982e+09, 37.2557, 40.769, 34.5302, 0.00344808, 0.145213, 0.0671691, 16.8794, 710.862, 328.813, 56.2935, 32.6101, 
3.05326, -24.1037, -8.05768, -8.37161, -28165.7, -9817.18, -9524.14, 42.6276, 49.0971, 17.5353, 0.164236, 0.292751, 0.252585, 560.082, 998.344, 861.368, 
29.198, 5.57619, 58.9514, 0.0859515, -0.0331398, 0.178751, 234.407, -89.8834, 490.917, 36.2577, 20.692, 33.8242, 0.0392845, 0.2348, 0.208556, 104.962, 
627.393, 557.289, -34.2873, 21.3581, 25.8066, -200873, 588160, 667844, -7.17749e+08, 2.10315e+09, 2.39904e+09, -7.63183, 52.5982, 43.9324, -52309.1, 53665.2, 
9129.9, -1.1623e+08, 1.08568e+08, 1.63011e+07, 25.6799, 21.6788, 28.6961, 0.158232, 0.188291, 0.00257956, 657.954, 782.946, 10.7262, 30.3708, 49.431, 5.79334, 
0.737002, -3.7214, -32.6418, 720, -2844.58, -24813.4, 41.0372, 31.5278, 34.7307, 1.75625, 21.7717, -24.4988, 6327.41, 69568.3, -84771.4, 54.7179, 
7.90985, 10.7385, 0.294014, 0.111737, 0.172229, 1304.7, 494.092, 764.491, -2.98989, 28.7667, 52.5878, -106808, 242530, 150880, -1.98519e+08, 4.36497e+08, 
1.98813e+08, 49.198, 58.6448, 54.8161, 1.72123, 1.61615, 0.200054, 695.519, 653.057, 80.8383, 9.13071, 34.1564, 50.2553, 9.98608e+07, 1.29193e+08, 6.0143e+08, 
1.55408e+11, 1.45461e+11, 7.64396e+11, 6.70196, 39.7768, 1.52276, -7.39665, -7.5001, -6.5799, -4919.67, -4744.27, -4451.76, 41.332, 16.2427, 5.92109, 0.0800395, 
0.193225, 0.140272, 337.595, 814.996, 591.648, 17.0894, 40.4928, 28.5089, 0.13084, 0.209789, 0.20556, 614.237, 984.871, 965.017, 46.524, 40.0976, 
43.6909, -2720.36, 595.379, 2853.35, -4.68882e+06, 740244, 5.24546e+06, 56.9592, 16.4382, 49.0711, 0.899184, 0.222678, 0.295215, 879.734, 217.862, 288.83, 
19.3744, 18.8975, 28.5577, 0.129715, 0.313978, 0.0351797, 308.716, 747.254, 83.726, 14.4715, 31.9358, 37.75, 0.122332, 0.265476, 0.0628045, 410.367, 
890.549, 210.68, 34.8609, 56.5231, 28.8026, 1.76825e+09, 3.81486e+09, 6.43498e+09, 9.33386e+12, 1.78492e+13, 3.07409e+13, 31.3131, 43.6954, 39.1114, 98.5394, 155.795, 
-86.6719, 370372, 772319, -425085, 32.7565, 9.97459, 11.6656, 29146.8, -12976.1, -474.26, 1.31932e+08, -4.87429e+07, -704554, -43.4502, -47.2554, -18.9351, 
-4.79838e+08, -9.2982e+08, -3.38237e+08, -4.2859e+10, -8.34171e+10, -2.93617e+10, -39.0118, -17.3948, -4.29657, -1.56635e+08, -4.67183e+07, -4.65669e+08, -4.47054e+11, -1.23466e+11, -1.37272e+12, 42.0621, 
34.6539, 45.8328, 0.0991306, 0.269173, 0.229941, 177.132, 480.973, 410.871, 44.6251, -2.99606, -0.175623, 4.05769e+08, -4.09736e+08, -3.35749e+08, 1.14629e+12, -1.15545e+12, 
-9.17344e+11, 59.2312, 13.0712, 33.8512, 0.369976, 0.701818, 1.27862, 908.054, 1750.61, 3115.39, 59.537, 53.9798, 11.1524, 0.206947, 0.101835, 0.194673, 
959.575, 472.19, 902.662, -38.737, -48.0651, -38.5855, -4.74285e+06, -2.24423e+07, -4.34931e+06, -1.43256e+10, -7.6241e+10, -1.484e+10, 17.8164, 43.9204, 6.26599, 0.172035, 
0.0266747, 0.118069, 802.402, 124.416, 550.696, 16.9281, -15.0383, 6.56367, 3.04358e+08, -3.70293e+08, 7.28802e+08, 9.55968e+11, -1.1354e+12, 2.23063e+12, 8.4435, 25.4412, 
23.0584, 0.454287, 0.530361, 0.0213969, 820.013, 957.329, 38.6225, 59.7638, 46.9787, 50.7104, 0.210744, 0.216028, 0.182484, 270.207, 276.982, 233.974, 
2.90458, 26.3552, 40.3394, 3.37928, 0.36243, 7.49071, 343.247, 36.8132, 760.859, 5.67307, -20.2396, -42.8177, -16265.5, -35682.4, -30685.9, -4.66876e+07, 
-1.03029e+08, -9.29038e+07, 37.4189, 42.8558, 55.0271, 0.183027, 0.0253528, 0.0861957, 706.118, 105.765, 340.323, 1.22386, 38.8007, 16.9843, 0.166177, 0.078708, 
0.200177, 827.701, 392.032, 997.052, 57.6234, 44.0681, 5.19722, -36.0623, -34.594, -23.4397, -122991, -120593, -77615.6, 35.463, 15.0496, 51.1601, 
-134.311, -1245.65, -79.7813, -51705.7, -675004, -44596.8, 21.3056, 57.7914, 23.6798, 0.0450696, 0.0473669, 0.424354, 58.9647, 61.9702, 555.184, -53.1068, 
56.8695, -36.0929, -2.57167e+08, 2.35981e+08, -7.27065e+08, -1.11129e+12, 9.89901e+11, -2.99521e+12, 25.4372, -54.9851, -55.763, 157338, -357830, -223648, 1.98465e+08, -4.3694e+08, 
-2.00293e+08, 38.7563, 25.8386, 49.7178, 30.1533, -398.714, 80.6146, 112043, -1.75802e+06, 355820, 5.14771, 53.1188, 47.6657, 0.129621, 0.0872797, 0.165483, 
573.158, 385.935, 731.736, -9.06502, -10.9241, 23.9766, -1.48865e+06, -715637, 1.09935e+06, -6.68105e+09, -3.63278e+09, 4.85198e+09, 48.5811, 54.8491, 38.6834, 1.23761, 
4.4127, 1.75042, 254.545, 907.579, 360.016, 54.3567, 46.9984, 38.1476, -1.75859, -10.398, 0.438505, -3832.25, -39265.8, 2358.61, 32.0722, 55.4756, 
29.4426, 10.292, -32.5386, -3.54097, 4630.5, -50042.8, -4961.89, 7.15076, 36.165, 0.182146, 1.08528, 1.23578, 0.550173, 931.813, 1074.23, 477.144, 
-8.44697, -42.2946, -7.09261, -5.04391e+09, -1.08819e+10, -1.83557e+10, -9.33386e+12, -1.78492e+13, -3.07409e+13, 40.5067, 17.4661, 54.5405, -282.344, 241.389, -30.4254, -972574, 
842242, -113414, 10.2832, 3.9467, 23.0746, -215.323, -2394.6, -514.229, 96729.4, -1.90039e+06, -475265, 14.7613, 26.7614, 2.89607, 1.10594, 0.142604, 
-0.679059, 1125.61, 135.897, -723.368, 35.7234, -15.5228, 48.6226, 3.56422e+09, -2.58602e+09, 2.15625e+10, 1.6645e+13, -1.25974e+13, 8.77384e+13, -47.3792, -50.4483, 32.8027, 
-1.66284e+06, -431014, 2.07753e+06, -6.88948e+09, -1.52689e+09, 8.21313e+09, 6.57862, 24.6659, 29.6248, 2.24651, 2.21219, 2.64088, 476.679, 469.397, 560.357, 40.5145, 
6.18098, 23.1807, 0.122942, 0.0834765, 0.2015, 491.412, 333.664, 805.415, 31.7974, -13.6122, -50.2461, 3.09964e+07, -5.68821e+06, -7.09137e+07, 1.57655e+09, -3.69975e+08, 
-3.76975e+09, -6.82679, 22.6103, 32.8942, -348379, 436684, 55365.1, -1.45798e+09, 1.79367e+09, 2.10919e+08, -9.53928, -39.1077, -37.6099, -437874, -350843, -354851, 
-1.0332e+09, -8.28379e+08, -8.10744e+08, 14.0069, 23.4228, 20.4238, 0.0409586, 0.268026, 0.0402888, 132.274, 865.579, 130.111, 0.814282, -56.7942, -14.6393, 8.71863e+08, 
-7.0341e+10, -1.54777e+10, 7.80155e+11, -2.97952e+14, -6.90767e+13, 30.601, 52.6314, 52.502, 0.610019, 3.00419, 1.67574, 182.178, 897.178, 500.447, 30.2058, 42.0795, 
6.2128, 1.01258, 1.01734, 0.270455, 881.118, 905.358, 224.963, 45.7547, 0.50786, -53.0124, 2.49532e+07, 6.6898e+06, -3.09162e+07, 6.80174e+09, 1.55937e+09, -8.02925e+09, 
42.7361, 52.4044, 43.9771, -294.009, -533.039, 169.334, -28744.8, -52938.2, 16863.4, -16.1771, 8.79268, -32.7531, -6.96801e+12, 1.5699e+12, -5.63321e+12, -3.35647e+16, 
6.98173e+15, -2.67579e+16, 31.3735, 44.5478, 9.03305, 0.102898, 0.10832, 0.0410173, 437.934, 461.126, 175.347, 53.6596, 19.9634, 55.2394, 0.109314, 0.131297, 
0.020431, 462.546, 555.565, 86.4512
