44.8423, 58.0493, 4.88557, 0.790242, 0.461923, 0.22745, 898.537, 525.225, 258.62, -11.5164, -50.9731, 23.4526, -138418, -415228, 2225.53, -2.04998e+07, 
-6.71227e+07, 1.2513e+06, 53.1506, -36.3701, 29.3076, 2.84468e+13, -7.0807e+12, 2.77387e+13, 2.94884e+16, -7.83584e+15, 2.74424e+16, 52.5903, -19.639, 48.1606, 335819, -489006, 
16772.4, 1.36884e+09, -1.98705e+09, 4.25045e+07, 50.3146, 57.5197, 48.1923, 0.160529, 0.145651, 0.0801232, 774.093, 702.347, 386.365, 57.2525, 20.8852, 20.0053, 
0.895205, 1.13532, -1.13147, 3551.39, 5334.49, -4816.1, 53.2521, 13.9316, 32.6374, 2.42872, 0.897188, 4.53953, 490.796, 179.7, 913.52, 50.6355, 
0.106567, 22.1747, 2.33709e+07, 4.73636e+07, 1.20788e+07, 4.29875e+10, 8.75066e+10, 2.14037e+10, 5.2286, 58.3415, 46.8136, -8182.87, 5342.69, 13646.5, -3.40788e+06, 2.18309e+06, 
5.96331e+06, 20.4756, 28.6659, 4.44517, 32012.7, 251745, 273093, 1.80886e+08, 7.5606e+08, 1.17401e+09, 41.5646, 6.94094, 35.0461, 8.50309e+08, 2.7538e+08, 5.44111e+08, 
1.12431e+12, 3.78944e+11, 7.12519e+11, -57.1751, 12.4777, 26.9612, -446279, 100238, 863473, -1.9197e+09, 5.07033e+08, 3.71946e+09, 14.0848, 57.803, 11.9675, 3142.42, 
-2140.53, -2792.04, 1.32336e+07, -1.11359e+07, -1.0165e+07, 28.0493, 56.3208, 42.0046, 38014.9, 87279.5, 42786.3, 5.99188e+07, 1.34081e+08, 6.75363e+07, 11.8093, 21.3921, 
42.6626, 0.910544, 1.23974, 0.599511, 660.382, 900.211, 411.143, -14.7703, 6.15952, -38.964, -2.96557e+10, 4.23257e+09, -7.72392e+10, -3.04452e+13, 2.06881e+12, -8.0292e+13, 
0.219207, 58.6809, -0.752081, 1.53786e+06, 862791, -1.26927e+06, 6.02331e+09, 3.73212e+09, -5.15258e+09, -42.5848, -34.653, -50.5608, -146101, -175886, -21937, -4.18834e+08, 
-4.6547e+08, -3.88269e+07, 17.1684, 26.8876, 60.0908, -6.40746, 3.39341, 6.60178, -23146.9, 11819.4, 23913.4, 21.7127, 4.13805, 14.6941, 1.1463e+10, 1.71077e+11, 
6.50289e+10, 3.11979e+13, 3.70358e+14, 1.34742e+14, -25.1584, 46.8582, 28.9179, -3.60492e+08, 1.63408e+09, 8.73913e+07, -2.01832e+10, 1.00483e+11, 1.85522e+09, 1.36991, 27.1351, -20.7451, 
-4539.55, 113205, -65751.7, -1.2018e+07, 3.17249e+08, -1.97106e+08, 54.5271, 45.4199, 3.63194, -4787.47, -3752.19, 6263.33, -1.19011e+07, -1.02615e+07, 1.59251e+07, -43.0253, 
-32.3778, -12.2217, -3.97912e+08, -1.28867e+08, -2.54623e+08, -1.12431e+12, -3.78944e+11, -7.12519e+11, 55.3158, -47.6656, 49.5649, 5844.36, -29233.8, -1075.96, 9.36584e+06, -4.57123e+07, 
-3.16482e+06, -22.9582, -45.9504, -34.1334, -103186, -791679, -851595, -1.84183e+08, -7.59838e+08, -1.16946e+09, 19.1066, 38.803, 7.29736, 0.100684, 0.21242, 0.194474, 
386.972, 816.418, 747.445, 47.9701, 57.5072, 53.4257, -5817.75, 5599.34, 5363.67, -1.25402e+07, 1.41642e+07, 9.99829e+06, 59.7827, -53.8878, -29.9035, 80295.1, 
-490621, -523278, 3.67291e+08, -2.18633e+09, -2.42534e+09, 37.2559, 40.7777, 34.5342, 0.00344808, 0.145213, 0.0671691, 16.8794, 710.862, 328.813, 54.9887, 32.0225, 
2.81752, -21.3866, -9.83305, -2.20728, -25110, -11350.2, -2765.65, 42.6375, 49.1147, 17.5504, 0.164236, 0.292751, 0.252585, 560.082, 998.344, 861.368, 
29.2029, 5.57499, 58.9625, 0.0796279, -0.017594, 0.195041, 222.437, -50.6512, 533.349, 36.26, 20.7061, 33.8367, 0.0391037, 0.234377, 0.208548, 104.478, 
626.26, 557.272, -6.02046, 33.8632, 54.6117, -101654, 622046, 663444, -3.66913e+08, 2.18698e+09, 2.42606e+09, -50.5382, 11.759, 13.611, -55587.2, 65652.8, 
16597.9, -1.14089e+08, 1.33203e+08, 4.18235e+07, 25.6894, 21.6901, 28.6963, 0.158232, 0.188291, 0.00257956, 657.954, 782.946, 10.7262, 30.4114, 49.3574, 3.89341, 
0.649994, -1.1348, -32.3398, 445.401, -821.684, -24261.4, 41.3626, 32.3141, 33.0966, 13.4044, -0.0908647, -25.0106, 42886.9, -7979.28, -77077, 54.7354, 
7.91653, 10.7487, 0.290309, 0.113224, 0.165143, 1277.24, 494.83, 732.937, 28.694, 49.8729, 12.111, 95816.2, 221675, 17337.4, 1.91393e+08, 3.90624e+08, 
-2.96385e+07, 49.3013, 58.7418, 54.8281, 1.72123, 1.61615, 0.200054, 695.519, 653.057, 80.8383, 45.4104, 17.8606, 26.3431, 1.87266e+07, 2.5767e+08, 4.24888e+08, 
3.4619e+09, 2.99656e+11, 5.31873e+11, 6.2651, 39.3214, 1.13265, -4.63891, -8.90807, -6.4828, -2916.88, -5904.42, -4309.7, 41.3368, 16.2543, 5.9295, 0.0800395, 
0.193225, 0.140272, 337.595, 814.996, 591.648, 17.0973, 40.5054, 28.5213, 0.13084, 0.209789, 0.20556, 614.237, 984.871, 965.017, 13.4566, 4.30604, 
57.8924, -4011.33, 2391.81, 2045.33, -7.43625e+06, 4.03267e+06, 3.61902e+06, 57.0131, 16.4516, 49.0889, 0.899184, 0.222678, 0.295215, 879.734, 217.862, 288.83, 
19.3822, 18.9163, 28.5598, 0.129715, 0.313978, 0.0351797, 308.716, 747.254, 83.726, 14.4789, 31.9517, 37.7537, 0.122332, 0.265476, 0.0628045, 410.367, 
890.549, 210.68, 24.61, 35.3228, 7.96353, 4.89733e+09, 6.23839e+09, 8.22085e+09, 2.36522e+13, 3.06249e+13, 3.91755e+13, 27.3221, 55.3476, 18.5008, -80.2227, 260.215, 
-596.75, -473921, 1.08596e+06, -2.70797e+06, 1.6899, 36.5704, -3.48388, 679779, 461632, -225301, 5.68392e+09, 4.03886e+09, -1.90446e+09, -6.56249, -45.285, -29.7174, 
-4.81063e+08, -9.74926e+08, -2.48618e+08, -4.29881e+10, -8.75077e+10, -2.14031e+10, -39.2415, -0.861853, -34.2211, -1.21433e+08, -7.60228e+07, -4.94085e+08, -3.84041e+11, -2.55424e+11, -1.49438e+12, 42.068, 
34.6701, 45.8466, 0.0991306, 0.269173, 0.229941, 177.132, 480.973, 410.871, 9.59318, -12.0021, -31.3597, 6.02235e+08, -4.61093e+08, -4.69466e+08, 1.62929e+12, -1.29115e+12, 
-1.26903e+12, 59.2551, 13.1139, 33.9231, 0.39166, 0.762974, 1.10124, 914.794, 1894.05, 2686.1, 59.5494, 53.9859, 11.1641, 0.206947, 0.101835, 0.194673, 
959.575, 472.19, 902.662, 31.7675, -7.77993, -28.0514, 6.97644e+06, -3.16237e+07, -1.69124e+06, 2.01832e+10, -1.00483e+11, -1.85521e+09, 17.8267, 43.922, 6.27307, 0.172035, 
0.0266747, 0.118069, 802.402, 124.416, 550.696, 34.0342, -5.38587, 45.851, 2.59376e+08, -3.65004e+08, 6.81548e+08, 7.69245e+11, -1.08446e+12, 2.0507e+12, 8.47076, 25.473, 
23.0597, 0.454287, 0.530361, 0.0213969, 820.013, 957.329, 38.6225, 13.911, 45.179, 57.9197, 3558.83, -452.945, 16824.8, 9.12569e+06, -1.16177e+06, 4.31438e+07, 
3.10734, 26.3769, 40.7889, 3.37934, 0.362297, 7.49078, 343.252, 36.7995, 760.867, 37.542, -5.12629, -44.083, -7588.03, -39625.1, -33024.7, -2.52426e+07, 
-1.18751e+08, -9.9898e+07, 37.4296, 42.8585, 55.0328, 0.177587, 0.0525282, 0.0981874, 681.112, 195.739, 384.955, 1.23383, 38.8054, 16.9963, 0.166177, 0.078708, 
0.200177, 827.701, 392.032, 997.052, 55.3228, 42.0632, 3.84631, -40.6437, -34.7088, -21.7157, -138647, -116857, -74545.6, 45.5524, 47.5506, 44.1891, 
401.033, -2503.51, -315.995, 240376, -1.22577e+06, -207558, 21.3083, 57.7942, 23.7053, 0.0450696, 0.0473669, 0.424354, 58.9647, 61.9702, 555.184, -11.1162, 
42.8521, -34.855, -1.98799e+08, 1.92623e+08, -6.37724e+08, -7.7265e+11, 7.84762e+11, -2.58276e+12, -47.9257, -48.2201, -4.83518, -140691, -326748, -27115.7, -1.90732e+08, -3.90738e+08, 
2.77534e+07, 39.2923, 0.891612, 53.8374, 0.321135, -450.618, 115.243, -23440.3, -1.99168e+06, 500698, 5.15548, 53.1241, 47.6756, 0.129621, 0.0872797, 0.165483, 
573.158, 385.935, 731.736, -6.08852, -25.7592, 23.3697, -1.32509e+06, -732318, 1.09299e+06, -6.03021e+09, -3.68656e+09, 5.1567e+09, 48.6554, 55.1139, 38.7884, 1.23761, 
4.4127, 1.75042, 254.545, 907.579, 360.016, 54.3189, 46.47, 38.0127, 1.82076, -4.63944, -5.72482, 5956.26, -20034.2, -21667.8, 32.2715, 54.325, 
30.1637, 2.73948, 2.79808, 16.3566, -2071.81, 396.662, 29535, 7.21006, 36.2725, 0.226155, 0.753495, 2.75951, 1.03803, 597.168, 2540.94, 942.891, 
-20.0013, -11.9459, -54.5544, -1.39696e+10, -1.7795e+10, -2.34499e+10, -2.36522e+13, -3.06249e+13, -3.91755e+13, -35.1541, -17.5984, 54.4985, -811039, -599325, 271762, -5.55034e+09, 
-4.1036e+09, 1.86073e+09, 45.946, 46.9855, -9.48946, -2532.64, -287.338, -30559.8, -6.47772e+06, 434183, -4.33064e+07, 14.9414, 26.7701, 2.7189, 6.02308, 0.224735, 
-6.61431, 6470.61, 248.194, -7186.4, 4.48665, -43.4518, 52.3975, 7.09844e+09, -6.96922e+08, 1.99658e+10, 2.92013e+13, -5.21457e+11, 8.30566e+13, -8.82138, -59.4827, 39.2438, 
-1.47328e+06, -397335, 1.72015e+06, -5.74911e+09, -1.37753e+09, 6.87171e+09, 6.71341, 24.7987, 29.7833, 2.24651, 2.21219, 2.64088, 476.679, 469.397, 560.357, 40.5219, 
6.18599, 23.1928, 0.122942, 0.0834765, 0.2015, 491.412, 333.664, 805.415, 10.7029, -24.5163, -8.66343, 3.68047e+07, -8.26032e+06, -7.12156e+07, 1.91949e+09, -5.06648e+08, 
-3.71931e+09, -14.73, 56.95, 58.4104, -328737, 478773, -16401.9, -1.3687e+09, 1.98717e+09, -4.24282e+07, -41.3958, -5.08039, -45.9595, -421899, -288584, -370015, 
-1.00832e+09, -6.40096e+08, -9.07525e+08, 14.0094, 23.4389, 20.4262, 0.0409586, 0.268026, 0.0402888, 132.274, 865.579, 130.111, -7.5354, -57.1843, -32.9451, -5.94491e+09, 
-8.87232e+10, -3.3725e+10, -3.11979e+13, -3.70358e+14, -1.34742e+14, 30.6376, 52.8117, 52.6025, 0.610019, 3.00419, 1.67574, 182.178, 897.178, 500.447, 30.2693, 42.1363, 
6.22798, 1.07949, 0.941767, 0.269201, 944.76, 853.25, 220.773, 48.8011, 11.8437, -0.908358, 2.22073e+07, 6.2064e+06, -2.54864e+07, 5.69494e+09, 1.41706e+09, -6.69001e+09, 
25.5051, 24.3041, 54.768, -359.546, -355.085, 231.763, -35435.4, -33373, 21617.3, -53.7688, 29.9315, -36.735, -6.17071e+12, 1.53595e+12, -6.01711e+12, -2.94884e+16, 
7.83584e+15, -2.74424e+16, 31.3797, 44.5544, 9.03565, 0.104114, 0.11102, 0.0450591, 442.678, 473.095, 191.705, 53.6661, 19.9713, 55.2406, 0.109314, 0.131297, 
0.020431, 462.546, 555.565, 86.4512
