43.1828, 57.0792, 4.40792, 0.790242, 0.461923, 0.22745, 898.537, 525.225, 258.62, 19.8237, 19.5733, 50.7277, 4.15912, 3.36936, 3.32084, 684.509, 
554.531, 546.545, 43.9597, 39.7323, 52.3248, 0.0183893, 0.145654, 0.677384, 18.7903, 148.83, 692.154, 60.0532, -17.6482, 38.6246, 43297.9, -70386.2, 
9909.54, 1.46279e+08, -2.77185e+08, 7.28632e+07, 49.9775, 57.2138, 48.0241, 0.160529, 0.145651, 0.0801232, 774.093, 702.347, 386.365, 56.9014, 20.4676, 19.6585, 
0.152888, 0.187157, 0.209895, 643.039, 787.174, 882.808, 48.6185, 12.6572, 24.4086, 1.93635, 0.361754, 3.58228, 389.766, 72.8171, 721.074, -6.47683, 
29.7684, -22.4486, -283774, 8.32633e+06, -4.10714e+06, -7.1548e+08, 1.49903e+10, -8.42584e+09, 25.1699, 39.217, 55.2785, 1.5738, 1.37559, 0.993003, 691.277, 604.214, 
436.167, 39.1173, 15.7165, 20.8168, 0.145463, 0.187202, 0.0303932, 541.007, 696.243, 113.038, 9.54903, 2.61758, 7.66707, 0.635718, 0.695819, 0.295545, 
829.672, 910.104, 386.222, 38.7017, 11.0508, 20.2636, 0.112564, 0.0275431, 0.204369, 492.567, 120.526, 894.3, 25.2528, 53.0962, 55.6281, 0.146352, 
0.207899, 0.0801084, 615.51, 874.356, 336.91, 23.8069, 49.5034, 56.1137, 0.168535, 0.0460832, 0.269257, 252.974, 69.1717, 404.159, 10.4566, 19.6552, 
42.0418, 0.660342, 0.677993, 0.190746, 473.312, 485.965, 136.72, 58.0669, 28.3856, 46.2557, 0.296818, 0.0149191, 0.314376, 303.828, 15.2714, 321.8, 
26.8591, 13.6231, 6.70404, 0.23336, 0.150461, 0.166829, 933.33, 601.772, 667.24, 52.0592, 59.7796, 59.1918, 0.114658, 0.289088, 0.227148, 313.314, 
789.959, 620.7, 20.7711, 23.7539, 55.816, 0.157429, 0.130773, 0.0548858, 552.013, 458.546, 192.453, 5.08723, 0.793951, 4.00336, 0.264333, 0.229921, 
0.31011, 575.456, 500.541, 675.113, 25.3157, 31.0554, 55.1252, 10.8051, 4.89273, 11.6235, 685.478, 310.397, 737.397, 12.1497, 13.7482, 2.15851, 
0.305853, 0.250338, 0.297887, 879.063, 719.506, 856.168, 42.5357, 33.131, 41.1835, 0.223333, 0.111442, 0.0191582, 578.531, 288.685, 49.6282, 7.65097, 
6.38245, 8.27201, 0.149675, 0.168969, 0.125521, 418.401, 470.319, 350.13, 26.4646, 27.679, 5.90238, 0.485987, 0.0176252, 0.136469, 794.06, 28.7981, 
222.978, 7.98395, 41.6238, 36.1972, 0.64642, 0.350616, 0.00821132, 767.439, 416.257, 9.74861, 18.8952, 38.3569, 6.88896, 0.100684, 0.21242, 0.194474, 
386.972, 816.418, 747.445, 23.0463, 11.8958, 39.1217, -0.153999, -1.00048, -1.85609, 11.4254, -2267.48, -3878.94, 3.11172, 15.2425, 20.5871, 0.0500652, 
0.0684363, 0.145468, 228.012, 306.969, 656.344, 37.2487, 40.4728, 34.3932, 0.00344808, 0.145213, 0.0671691, 16.8794, 710.862, 328.813, 3.66538, 32.0435, 
2.078, 0.081934, 0.571633, 0.443686, 96.4919, 673.2, 522.519, 42.2926, 48.4999, 17.02, 0.164236, 0.292751, 0.252585, 560.082, 998.344, 861.368, 
29.0045, 5.60324, 58.6249, 0.102956, 0.0236324, 0.161579, 283.603, 65.098, 445.087, 36.1767, 20.211, 33.3978, 0.0397444, 0.235838, 0.209024, 106.203, 
630.194, 558.542, 5.67028, 12.3624, 19.6786, 0.149161, 0.237304, 0.170381, 529.623, 847.725, 607.799, 37.8742, 10.1245, 40.8404, 0.456575, 0.430323, 
0.254267, 976.107, 919.983, 543.596, 25.3571, 21.2947, 28.6909, 0.158232, 0.188291, 0.00257956, 657.954, 782.946, 10.7262, 25.5161, 53.8079, 45.1633, 
0.235701, 1.30326, 0.692307, 177.685, 982.468, 521.9, 52.3488, 44.6097, 47.2196, 0.237339, 0.110232, 0.0529107, 749.683, 348.189, 167.129, 54.3456, 
7.63616, 10.3268, 0.172275, 0.140488, 0.206283, 761.372, 620.889, 911.675, 45.3272, 15.2989, 34.3634, 0.0596589, 0.0104967, 0.0858761, 100.787, 17.733, 
145.078, 45.6867, 55.3478, 54.408, 1.72123, 1.61615, 0.200054, 695.519, 653.057, 80.8383, 12.8345, 33.8749, 58.3815, 0.760532, 0.639848, 0.121097, 
956.89, 805.046, 152.362, 8.04257, 42.3917, 3.40588, 0.791978, 0.776296, 0.547418, 518.183, 507.922, 358.17, 41.1687, 15.8485, 5.63493, 0.0800395, 
0.193225, 0.140272, 337.595, 814.996, 591.648, 16.8225, 40.0649, 28.0896, 0.13084, 0.209789, 0.20556, 614.237, 984.871, 965.017, 51.8508, 5.16812, 
42.0635, 0.280303, 0.329962, 0.154443, 480.388, 565.494, 264.687, 55.1248, 15.984, 48.4689, 0.899184, 0.222678, 0.295215, 879.734, 217.862, 288.83, 
19.1098, 18.257, 28.4859, 0.129715, 0.313978, 0.0351797, 308.716, 747.254, 83.726, 14.222, 31.3942, 37.6218, 0.122332, 0.265476, 0.0628045, 410.367, 
890.549, 210.68, 37.0961, 35.9713, 56.4792, 0.0538404, 0.150384, 0.067274, 250.159, 698.731, 312.576, 34.1312, 52.2365, 37.3061, 0.175533, 0.220575, 
0.103476, 767.525, 964.47, 452.45, 36.3107, 4.74436, 10.3849, 0.101561, 0.130226, 0.14523, 435.701, 558.676, 623.045, 28.5237, -28.7618, 14.9824, 
5.84109e+06, -1.71386e+08, 8.45397e+07, 7.15481e+08, -1.49903e+10, 8.42584e+09, -17.6136, -7.84688, -33.3571, -6.99826e+06, -1.17279e+08, -5.99214e+06, -5.3342e+10, -3.81528e+11, 5.87865e+08, 41.8599, 
34.1048, 45.3637, 0.0991306, 0.269173, 0.229941, 177.132, 480.973, 410.871, -44.3493, -47.5907, -37.2895, -1.33771e+08, -1.01975e+08, -2.87471e+08, -3.88963e+11, -3.21556e+11, 
-7.61199e+11, 58.7395, 12.1855, 32.9017, 0.189705, 0.340526, 0.224988, 463.33, 831.694, 549.505, 59.1148, 53.7721, 10.7553, 0.206947, 0.101835, 0.194673, 
959.575, 472.19, 902.662, 41.9501, 42.7251, 19.1066, 0.0899666, 0.129266, 0.242922, 294.924, 423.751, 796.334, 17.4654, 43.866, 6.02513, 0.172035, 
0.0266747, 0.118069, 802.402, 124.416, 550.696, -13.8712, -17.3692, 28.5861, -6.9111e+07, -9.99311e+07, 6.94723e+07, -2.10647e+11, -2.72704e+11, 2.43107e+11, 7.51676, 24.3592, 
23.0147, 0.454287, 0.530361, 0.0213969, 820.013, 957.329, 38.6225, 59.3339, 46.538, 50.3381, 0.210744, 0.216028, 0.182484, 270.207, 276.982, 233.974, 
56.1105, 25.6158, 25.0582, 3.37945, 0.362436, 7.4908, 343.264, 36.814, 760.868, 19.0681, 1.58673, 9.53798, 0.0748793, 0.294242, 0.11818, 219.486, 
862.483, 346.408, 37.0464, 42.7754, 54.8396, 0.183606, 0.0397669, 0.0920769, 708.799, 153.518, 355.458, 0.884855, 38.6401, 16.5759, 0.166177, 0.078708, 
0.200177, 827.701, 392.032, 997.052, 37.2472, 54.2218, 17.1545, 0.0806442, 0.00336538, 0.225848, 276.913, 11.5559, 775.507, 36.4989, 28.7243, 47.8692, 
1.02357, 0.615532, 1.27413, 509.192, 306.207, 633.841, 21.2137, 57.6947, 22.8141, 0.0450696, 0.0473669, 0.424354, 58.9647, 61.9702, 555.184, 15.727, 
55.6362, -7.27882, 5.14379e+07, 7.43808e+07, -5.17059e+07, 2.10624e+11, 2.72688e+11, -2.43081e+11, 45.7527, 6.68044, 24.764, 0.568897, 0.812502, 0.237564, 652.212, 931.492, 
272.355, 20.0785, 46.9429, 21.0891, 0.188632, 0.0794434, 0.0704494, 815.599, 343.494, 304.606, 4.88328, 52.9408, 47.3281, 0.129621, 0.0872797, 0.165483, 
573.158, 385.935, 731.736, 18.4833, 30.7258, 59.0719, 0.0432863, 0.106256, 0.152423, 201.154, 493.78, 708.319, 46.0564, 45.8472, 35.1126, 1.23761, 
4.4127, 1.75042, 254.545, 907.579, 360.016, 54.4939, 48.1218, 37.3565, 0.0437505, 0.19717, 0.11473, 162.249, 731.207, 425.477, 30.5314, 57.4596, 
26.8992, 0.563717, 0.305798, 0.684391, 795.385, 431.471, 965.653, 5.2262, 33.8316, 58.9865, 0.916375, 1.1229, 0.660336, 787.464, 964.936, 567.443, 
35.3485, 36.0969, 56.125, 0.367517, 0.470219, 0.109947, 598.633, 765.921, 179.088, 59.3079, 5.22403, 50.0167, 0.0130368, 0.28777, 0.191509, 44.6171, 
984.858, 655.417, 20.2946, 12.3932, 2.18342, 1.34045, 1.34004, 0.0736743, 957.455, 957.162, 52.6241, 13.752, 26.3985, 2.82193, 0.487009, 0.178447, 
0.0453452, 470.701, 172.472, 43.8268, 38.9479, 52.8632, 30.9863, 9.36537e+07, 1.52338e+08, 1.94718e+08, 4.42306e+11, 7.03084e+11, 7.60611e+11, 7.35211, 15.8408, 32.2832, 
5363.74, 3535.47, -6334.58, 2.21719e+07, 1.57563e+07, -2.56826e+07, 1.99573, 20.153, 24.2374, 2.24651, 2.21219, 2.64088, 476.679, 469.397, 560.357, 40.2637, 
6.01069, 22.7696, 0.122942, 0.0834765, 0.2015, 491.412, 333.664, 805.415, 44.4244, 55.0784, 10.9855, -490.366, 2163.28, 1463.56, -22242.4, 126994, 
70553.8, -28.6648, 42.9554, 53.2744, -42388.9, 68909.3, -9701.33, -1.46278e+08, 2.77186e+08, -7.28622e+07, 15.9979, 32.3759, 53.9792, 0.206474, 0.0655978, 0.10824, 
481.806, 153.072, 252.578, 13.9234, 22.8761, 20.3416, 0.0409586, 0.268026, 0.0402888, 132.274, 865.579, 130.111, 5.96953, 57.9081, 4.88141, 0.0382402, 
0.0205061, 0.0297821, 160.522, 86.0792, 125.017, 29.3566, 46.5029, 49.0835, 0.610019, 3.00419, 1.67574, 182.178, 897.178, 500.447, 28.0487, 39.8799, 
5.79634, 1.06925, 1.09996, 0.221856, 954.663, 982.08, 198.081, 1.65287, 24.0218, 42.6916, 0.682574, 2.16479, 3.4618, 182.245, 577.993, 924.289, 
55.6817, 18.5836, 10.9142, 7.89922, 9.92549, 10.1896, 760.993, 956.2, 981.646, 41.9692, 36.157, 52.4299, 0.204592, 0.189781, 0.189785, 963.729, 
893.964, 893.982, 31.1859, 44.3775, 8.99547, 0.0904459, 0.0790125, 0.0144517, 384.607, 335.988, 61.4534, 53.4366, 19.6956, 55.1977, 0.109314, 0.131297, 
0.020431, 462.546, 555.565, 86.4512
