44.8897, 58.077, 4.89921, 0.790242, 0.461923, 0.22745, 898.537, 525.225, 258.62, -38.7361, -57.6346, -0.0736489, -82882.8, -381329, -151731, -1.33979e+07, 
-6.03263e+07, -2.45606e+07, 56.2742, -40.8534, 5.89083, 2.77114e+13, -8.51141e+12, 2.54416e+13, 2.74103e+16, -8.107e+15, 2.5281e+16, 12.0505, -19.3975, 28.7398, 423630, -563961, 
-12444.6, 1.72748e+09, -2.30011e+09, -3.3997e+07, 50.3242, 57.5284, 48.1971, 0.160529, 0.145651, 0.0801232, 774.093, 702.347, 386.365, 57.3306, 20.9539, 19.9516, 
1.56208, 0.361431, -1.07153, 7116.84, 882.254, -4122.57, 53.403, 13.9806, 32.9207, 2.68074, 0.518486, 4.76762, 534.53, 101.108, 957.928, 46.4185, 
38.8539, 51.4445, 2.54954e+07, 4.52376e+07, 1.08167e+07, 4.73813e+10, 8.31173e+10, 1.90175e+10, 2.69169, 26.0018, 31.704, -8878.8, 11893.5, 13352.5, -3.98419e+06, 5.08566e+06, 
5.86001e+06, -14.951, -49.6634, 35.7461, -80426.9, -269301, 229831, -3.45496e+08, -1.11239e+09, 7.47428e+08, 18.7221, 39.3106, 27.9244, 6.60406e+08, 3.8974e+08, 3.87319e+08, 
8.76144e+11, 5.08256e+11, 4.84282e+11, -39.1369, 9.40224, 10.3723, -604773, 2493.3, 947283, -2.68778e+09, 1.07779e+07, 4.11528e+09, 43.5179, 16.224, 18.8307, 4700.7, 
-2004.04, -2846.61, 2.09382e+07, -9.59923e+06, -1.35252e+07, 26.0376, 0.814079, 57.6973, 39154.8, 86920.7, 27801.8, 6.07944e+07, 1.32471e+08, 4.313e+07, 11.8603, 21.4585, 
42.6937, 0.738774, 1.07051, 0.544331, 517.486, 771.031, 382.1, -54.3269, 21.4839, -44.6558, -3.29779e+10, 3.71363e+09, -6.08804e+10, -3.22458e+13, 1.32124e+12, -6.11836e+13, 
50.3379, 4.14236, -3.32579, 1.31734e+06, 846704, -1.25614e+06, 5.40984e+09, 3.0435e+09, -5.14853e+09, -59.4781, -39.447, 13.0124, -125971, -138535, 14163.7, -3.62855e+08, 
-3.8714e+08, 5.55246e+07, 16.1337, 26.9827, 1.21972, 19.2995, 4.06891, -24.5378, 94101.5, 17318.9, -119290, -10.3294, 43.4351, 12.2907, -7.02755e+09, 1.86584e+11, 
4.70719e+10, -1.75286e+13, 4.01668e+14, 9.8432e+13, 54.005, 19.7151, 6.74031, 2.87442e+07, 1.53807e+09, 1.11491e+08, -9.83864e+08, 9.65092e+10, 6.66255e+09, 23.795, 30.2561, -42.1176, 
2672.51, 70599.9, -51801.6, 2.51907e+06, 2.06225e+08, -1.51651e+08, 48.1156, 45.8907, 32.9034, -5701.11, -2991.18, 6984.34, -1.43266e+07, -8.05851e+06, 1.85504e+07, -15.0037, 
-11.4704, -7.39406, -3.09044e+08, -1.82383e+08, -1.8125e+08, -8.76143e+11, -5.08256e+11, -4.84282e+11, 39.7459, 47.7628, 39.8464, 15693, -10003.1, -1838.72, 2.48518e+07, -1.4419e+07, 
-2.0012e+06, 59.2445, 20.6654, -55.0359, 250137, 840962, -715805, 3.43463e+08, 1.10922e+09, -7.42618e+08, 19.1126, 38.8157, 7.30903, 0.100684, 0.21242, 0.194474, 
386.972, 816.418, 747.445, 16.6022, 23.3458, 25.9453, -8764.45, 4854, 5401.44, -1.99815e+07, 1.16012e+07, 1.31818e+07, 4.42297, -52.2432, -47.8822, 105897, 
-562523, -576668, 5.27522e+08, -2.50792e+09, -2.62098e+09, 37.2566, 40.7875, 34.5384, 0.123187, 0.411537, 0.0993733, 1189.19, 3318.33, 644.111, 53.6805, 31.4772, 
2.69201, -20.5555, -7.60527, -2.16163, -23962.8, -8673.31, -2686.96, 42.6473, 49.1322, 17.5656, 0.164236, 0.292751, 0.252585, 560.082, 998.344, 861.368, 
29.2081, 5.57421, 58.9745, 0.0872275, -0.00768489, 0.21691, 240.483, -22.3512, 600.295, 36.2624, 20.7202, 33.8492, 0.0389036, 0.233955, 0.208611, 103.942, 
625.134, 557.445, -2.70237, 43.4837, 32.0767, -134189, 713241, 731221, -5.27427e+08, 2.50875e+09, 2.62204e+09, -56.6001, 45.3675, 46.1539, -50219.5, 91254.9, 
43084.2, -1.00523e+08, 1.86478e+08, 9.36902e+07, 25.6995, 21.7016, 28.6962, 0.325799, 0.227931, -0.0440206, 2051.49, 1112.6, -376.815, 30.5713, 49.3547, 2.04134, 
1.40394, 2.43271, -30.1472, 985.168, 1755.43, -22950.4, 41.8302, 31.5474, 31.0256, 6.96044, -13.7967, -33.4918, 29642.8, -51801.7, -109895, 54.7526, 
7.9231, 10.7588, 0.28537, 0.108815, 0.172053, 1265.98, 486.159, 765.479, 59.4103, 8.4406, -11.0437, 117786, 239308, -350677, 1.58833e+08, 3.54519e+08, 
-5.34066e+08, 49.4046, 58.8387, 54.8401, 1.72123, 1.61615, 0.200054, 695.519, 653.057, 80.8383, 53.6113, 19.5482, 0.223601, 1.01815e+08, 3.84613e+08, 4.13133e+08, 
1.23963e+11, 4.7732e+11, 4.90012e+11, 33.6135, 56.1225, 54.1291, 6842.03, -10542.8, -1645.56, 8.94768e+06, -1.37701e+07, -2.14546e+06, 41.3416, 16.2659, 5.93792, 0.0800395, 
0.193225, 0.140272, 337.595, 814.996, 591.648, 17.1051, 40.518, 28.5336, 0.13084, 0.209789, 0.20556, 614.237, 984.871, 965.017, 53.4621, 45.5512, 
56.498, -2902.97, 2411.79, 277.93, -5.2259e+06, 4.41327e+06, 267586, 57.0671, 16.465, 49.1066, 0.899184, 0.222678, 0.295215, 879.734, 217.862, 288.83, 
19.3899, 18.9352, 28.5619, 0.129715, 0.313978, 0.0351797, 308.716, 747.254, 83.726, 14.4862, 31.9676, 37.7575, 0.122332, 0.265476, 0.0628045, 410.367, 
890.549, 210.68, 45.3132, 29.0996, 45.5919, 1.10016e+10, 6.80899e+09, 6.68159e+09, 5.30665e+13, 3.31861e+13, 3.26784e+13, 30.5908, 5.7746, 35.7126, 122.544, 84.3485, 
-764.98, 460546, 286716, -3.27779e+06, 22.4754, 46.7723, -10.9191, 1.12277e+08, 8.92819e+07, -1.09481e+08, 4.55343e+11, 3.95981e+11, -4.26361e+11, -59.4381, -17.7236, -2.15365, 
-5.24797e+08, -9.31165e+08, -2.22639e+08, -4.73822e+10, -8.31183e+10, -1.90169e+10, -23.501, 14.9214, -2.10645, -9.25183e+07, 2.23061e+07, -5.04002e+08, -2.34599e+11, 7.65287e+10, -1.48007e+12, 42.074, 
34.6863, 45.8604, 0.0991306, 0.269173, 0.229941, 177.132, 480.973, 410.871, 29.3958, -13.5098, -28.3036, 6.40217e+08, -5.15572e+08, -5.27779e+08, 1.77889e+12, -1.41542e+12, 
-1.43132e+12, 59.2752, 13.1633, 33.9908, 0.284706, 0.884818, 1.06827, 739.159, 2201.46, 2608.29, 59.5618, 53.992, 11.1758, 0.206947, 0.101835, 0.194673, 
959.575, 472.19, 902.662, -28.9694, -52.0663, -9.38041, -556274, -2.97655e+07, -2.15763e+06, 9.83864e+08, -9.65092e+10, -6.66255e+09, 17.837, 43.9236, 6.28015, 0.172035, 
0.0266747, 0.118069, 802.402, 124.416, 550.696, 28.6737, -42.9133, 22.7244, 3.23939e+08, -4.25455e+08, 7.19873e+08, 1.02047e+12, -1.27624e+12, 2.20992e+12, 8.49802, 25.5048, 
23.0609, 0.454287, 0.530361, 0.0213969, 820.013, 957.329, 38.6225, -20.1154, 14.652, 8.80321, -549436, 1.4445e+06, 1.8209e+06, -1.13145e+09, 1.96242e+09, 2.61786e+09, 
3.3101, 26.3986, 41.2383, 3.37943, 0.362282, 7.49075, 343.261, 36.799, 760.863, 22.3028, -10.926, -27.2266, -9184.17, -40009.7, -24648.9, -2.95177e+07, 
-1.18802e+08, -7.37455e+07, 37.4393, 42.862, 55.0383, 0.15344, 0.0615379, 0.0857681, 588.486, 244.133, 329, 1.2438, 38.8101, 17.0083, 0.166177, 0.078708, 
0.200177, 827.701, 392.032, 997.052, 52.8707, 39.7837, 2.81343, -36.3514, -36.3785, -16.5234, -124070, -123624, -56828.4, 12.6919, 34.5245, 41.4484, 
604.691, -359.403, 141.605, 338192, -205118, 44300.2, 21.311, 57.797, 23.7307, 0.0450696, 0.0473669, 0.424354, 58.9647, 61.9702, 555.184, -1.68413, 
5.0668, -19.4693, -2.72345e+08, 1.98681e+08, -6.62649e+08, -1.14435e+12, 7.98912e+11, -2.70013e+12, -53.6982, -37.8736, 4.56531, -173114, -352922, 514531, -1.58315e+08, -3.54862e+08, 
5.31492e+08, 35.0536, 33.5531, 1.50546, -87.2273, -462.051, 117.635, -386124, -1.98742e+06, 480797, 5.16326, 53.1293, 47.6855, 0.129621, 0.0872797, 0.165483, 
573.158, 385.935, 731.736, -39.1182, -14.5927, 26.3455, -1.13877e+06, -725274, 1.08198e+06, -5.43228e+09, -3.02938e+09, 5.15158e+09, 48.7295, 55.3781, 38.8933, 1.27666, 
4.38358, 1.76358, 265.13, 902.206, 361.013, 54.2934, 46.031, 37.7498, -4.17342, -12.2028, -2.97059, -13736.4, -47185.8, -10858.4, 32.449, 55.2501, 
30.8418, 15.742, 23.8047, -1.03013, 22982.5, 32723.3, -1750.58, 46.3024, 8.90891, 5.40473, -5212.94, 8024.01, 1250.21, -8.95052e+06, 1.37674e+07, 2.14307e+06, 
-59.7035, -20.2025, -14.9304, -3.13821e+10, -1.94226e+10, -1.90592e+10, -5.30665e+13, -3.31861e+13, -3.26784e+13, -58.2741, -26.359, 0.2175, -1.40708e+08, -1.11956e+08, 1.37217e+08, -4.5523e+11, 
-3.96105e+11, 4.26291e+11, 21.5645, -5.16219, -57.4948, 986690, -2.59121e+06, -3.27047e+06, 1.13181e+09, -1.96119e+09, -2.61925e+09, 17.6604, 27.1817, 59.3859, -87.3171, -1.90897, 
106.072, -110853, -4952.7, 135845, 59.1317, -39.5393, 45.6455, 7.88236e+09, -6.02308e+08, 1.59246e+10, 3.07027e+13, 1.8371e+10, 6.40962e+13, -25.1787, -23.6242, 7.29014, 
-1.41502e+06, -75586.9, 1.94519e+06, -5.78992e+09, -3.83562e+08, 7.98618e+09, 6.8482, 24.9314, 29.9417, 2.24651, 2.21219, 2.64088, 476.679, 469.397, 560.357, 40.5292, 
6.191, 23.2049, 0.122942, 0.0834765, 0.2015, 491.412, 333.664, 805.415, 3.83191, -46.0854, -40.5532, 4.98762e+07, -197084, -7.81276e+07, 2.68752e+09, -1.03308e+07, 
-4.1151e+09, -34.5969, 17.6226, 49.2964, -414709, 552156, 12197.6, -1.72736e+09, 2.30023e+09, 3.40556e+07, -19.3031, -28.8585, -41.0842, -386534, -250301, -467434, 
-8.86115e+08, -5.46856e+08, -1.05668e+09, 14.0118, 23.455, 20.4286, 0.0409586, 0.268026, 0.0402888, 132.274, 865.579, 130.111, 20.1144, -28.3665, -39.496, 3.6446e+09, 
-9.67653e+10, -2.44123e+10, 1.75286e+13, -4.01668e+14, -9.8432e+13, 30.6732, 52.9899, 52.7022, 0.344422, 2.48647, 1.45903, 23.5407, 587.951, 371.008, 30.3309, 42.19, 
6.24753, 0.879052, 0.788626, 0.393464, 762.324, 707.545, 368.738, 14.5675, 2.06468, -56.1521, 2.12415e+07, 1.15506e+06, -2.88519e+07, 5.71357e+09, 3.86012e+08, -7.79307e+09, 
1.17338, 8.72628, 58.2753, -459.75, -199.046, 72.4022, -44653.3, -19349.6, 6796.43, -37.6086, 22.8335, -37.2546, -6.01117e+12, 1.8463e+12, -5.51881e+12, -2.74103e+16, 
8.107e+15, -2.5281e+16, 31.386, 44.5612, 9.03852, 0.105915, 0.116289, 0.0508522, 450.997, 495.337, 217.529, 53.6727, 19.9792, 55.2418, 0.109314, 0.131297, 
0.020431, 462.546, 555.565, 86.4512
