44.9371, 58.1047, 4.91286, 0.790242, 0.461923, 0.22745, 898.537, 525.225, 258.62, -13.4479, -5.3148, -26.4595, -283906, -415952, -204164, -4.54516e+07, 
-6.91642e+07, -3.2427e+07, 14.1449, -29.9872, 20.6082, 2.70019e+13, -8.39741e+12, 2.56968e+13, 2.80499e+16, -7.97682e+15, 2.6907e+16, 59.6888, -30.7349, 36.9489, 355983, -562495, 
-8520.37, 1.45743e+09, -2.25469e+09, -5.2332e+06, 50.3339, 57.5371, 48.2019, 0.160529, 0.145651, 0.0801232, 774.093, 702.347, 386.365, 57.4355, 20.9298, 19.9147, 
2.12082, -1.74713, -0.0476838, 8796.01, -7477.59, 350.395, 53.5565, 14.0015, 33.1995, 2.47478, 0.328741, 4.79879, 500.992, 62.4253, 966.832, 14.4286, 
18.1574, 46.1307, 2.57443e+07, 4.60796e+07, 1.01041e+07, 4.80075e+10, 8.47297e+10, 1.86623e+10, 45.6, 22.7993, 38.744, -9057.48, 13668, 10475.7, -4.0948e+06, 6.04808e+06, 
4.53165e+06, -2.21737, -59.4394, 50.234, -112156, -186021, 492564, -5.31589e+08, -7.65432e+08, 1.98659e+09, 39.3356, 10.1074, 32.9324, 9.16866e+08, 3.33948e+08, 3.61774e+08, 
1.20303e+12, 4.2062e+11, 4.9111e+11, -45.9302, 40.4439, 48.4811, -616621, 19173.7, 914495, -2.71602e+09, 1.14093e+08, 4.04496e+09, 20.9608, 13.5667, 4.25791, 1616.83, 
-3324.71, -3562.83, 8.68592e+06, -1.41089e+07, -1.46362e+07, 16.3323, 24.7637, 10.1418, 55168.8, 85467, 9881.93, 8.47762e+07, 1.31702e+08, 1.64882e+07, 11.9067, 21.5193, 
42.7365, 0.668808, 0.89731, 0.858951, 463.117, 649.893, 614.164, -26.268, -24.4288, -30.6762, -3.21738e+10, -1.20798e+10, -5.89364e+10, -3.23365e+13, -1.21488e+13, -6.26811e+13, 
54.1607, -51.6705, -22.7157, 1.29289e+06, -111847, -1.50577e+06, 5.2458e+09, -6.72356e+08, -6.02079e+09, -33.9019, -38.5202, 36.5267, -38263.8, -128159, -5358.35, -8.57158e+07, 
-3.54944e+08, -2.24921e+07, 15.9909, 27.1509, 1.336, 54.1553, 7.78591, -68.4103, 218954, 31174.1, -276630, -28.6891, 9.79651, 34.0185, -7.74552e+09, 2.11436e+11, 
7.01433e+10, -9.63876e+12, 4.62307e+14, 1.55742e+14, 15.5999, 48.1761, 49.3601, 1.37125e+08, 1.23293e+09, 3.2269e+08, 5.65229e+09, 7.69617e+10, 1.92687e+10, 52.376, 0.483901, -54.6659, 
-19963, 70514.3, -30745.9, -6.26688e+07, 2.06971e+08, -8.54305e+07, 25.5897, 0.69666, 35.5142, -7752.48, -3582.81, 7228, -2.05107e+07, -9.37099e+06, 1.92857e+07, -18.0071, 
-36.4041, -9.12329, -4.29058e+08, -1.56275e+08, -1.69296e+08, -1.20303e+12, -4.2062e+11, -4.9111e+11, 9.38106, 22.2265, 12.474, 8943.76, -17911.5, 3190.97, 1.64943e+07, -2.85891e+07, 
5.44152e+06, 52.8434, 24.8512, -59.7368, 350755, 580106, -1.53861e+06, 5.31035e+08, 7.62167e+08, -1.9812e+09, 19.1187, 38.8285, 7.3207, 0.100684, 0.21242, 0.194474, 
386.972, 816.418, 747.445, 28.6234, 46.3244, 40.1439, -3070.15, 8194.95, 7013.86, -8.52044e+06, 1.77315e+07, 1.46716e+07, 32.2081, -49.1849, -22.2716, 197247, 
-507271, -521246, 8.13563e+08, -2.31073e+09, -2.34112e+09, 36.3781, 39.7158, 35.0072, -8.5407, -9.96305, 44.7082, -63860.6, -26490, 205319, 52.4197, 30.9857, 
2.57948, -22.0478, -9.60321, -1.07229, -25704.6, -11680.1, -1071.75, 42.6572, 49.1498, 17.5807, 0.164236, 0.292751, 0.252585, 560.082, 998.344, 861.368, 
29.2125, 5.57327, 58.987, 0.060752, -0.0233145, 0.188091, 163.619, -65.1951, 515.176, 36.2647, 20.7342, 33.8617, 0.0386776, 0.233554, 0.208743, 103.335, 
624.066, 557.802, -34.3474, 39.6952, 36.1404, -249862, 643150, 660874, -8.13001e+08, 2.31133e+09, 2.34176e+09, 35.3314, 9.69596, 46.1807, 10998.8, 110632, 
58695, 2.23422e+07, 2.3907e+08, 1.2489e+08, 25.5898, 21.2287, 28.5326, -2.85823, -7.63449, -1.22422, -13897.9, -31275.6, -7860.34, 30.6556, 49.4232, 0.202935, 
0.456769, 0.656953, -29.4977, 189.027, 236.818, -22190.1, 43.0475, 31.1173, 29.605, 21.9626, -22.8637, -23.4239, 75164.1, -70275.6, -71403.8, 54.7695, 
7.9295, 10.7693, 0.276083, 0.107539, 0.178519, 1218.86, 477.324, 791.93, -4.27122, 26.4936, -41.8919, -155115, -27168.7, -98116.4, -2.97542e+08, -6.21717e+07, 
-1.37987e+08, 49.5079, 58.9357, 54.8521, 1.72123, 1.61615, 0.200054, 695.519, 653.057, 80.8383, -42.3086, 44.4243, 53.7806, -2.60058e+07, 1.42339e+08, 4.95015e+08, 
-2.73355e+09, 1.68379e+11, 6.50844e+11, 49.7006, 51.3163, 48.7302, 223715, 1.89362e+06, 975808, 2.88837e+08, 1.32405e+09, 5.8961e+08, 41.4065, 15.9501, 4.69037, 15.1106, 
-81.6602, -313.851, 127131, -689677, -2.64815e+06, 17.113, 40.5306, 28.5459, 0.13084, 0.209789, 0.20556, 614.237, 984.871, 965.017, 60.0161, 43.2672, 
40.6423, -1471.77, 2743.85, -1640.83, -3.03482e+06, 4.72124e+06, -2.54988e+06, 57.121, 16.4783, 49.1243, 0.899184, 0.222678, 0.295215, 879.734, 217.862, 288.83, 
19.3977, 18.954, 28.564, 0.129715, 0.313978, 0.0351797, 308.716, 747.254, 83.726, 14.4935, 31.9836, 37.7613, 0.122332, 0.265476, 0.0628045, 410.367, 
890.549, 210.68, 11.9278, 14.7468, 52.9607, 1.22812e+10, 7.00705e+09, 6.22467e+09, 5.89866e+13, 3.32162e+13, 2.94369e+13, 34.572, 13.9757, 52.2736, -2.03446, 110.061, 
-681.192, -143466, 468939, -2.88347e+06, 5.45924, 3.2427, -57.9226, 2.6184e+08, 3.36785e+07, -1.53737e+07, 1.13538e+12, 1.57165e+11, -4.1315e+10, -36.9816, -27.3463, -25.032, 
-5.29921e+08, -9.48494e+08, -2.07973e+08, -4.80083e+10, -8.47305e+10, -1.86618e+10, 5.65702, 36.8053, -50.3857, 2.81358e+07, 6.9556e+07, -4.22028e+08, 8.28236e+10, 2.46644e+11, -1.25105e+12, 42.0799, 
34.7024, 45.8742, 0.0991306, 0.269173, 0.229941, 177.132, 480.973, 410.871, 53.0296, -3.85513, -45.734, 6.63782e+08, -5.77375e+08, -5.03785e+08, 1.79529e+12, -1.56396e+12, 
-1.34233e+12, 59.2956, 13.2166, 34.0557, 0.335836, 0.891948, 1.10275, 774.535, 2168.05, 2701.77, 59.5742, 53.9981, 11.1875, 0.206947, 0.101835, 0.194673, 
959.575, 472.19, 902.662, -48.8423, -39.2322, -6.73206, -2.65371e+06, -2.38604e+07, -6.24487e+06, -5.65229e+09, -7.69617e+10, -1.92687e+10, 17.8473, 43.9252, 6.28724, 0.172035, 
0.0266747, 0.118069, 802.402, 124.416, 550.696, 36.919, -53.4486, 22.4623, 3.46866e+08, -3.56061e+08, 6.78328e+08, 1.04275e+12, -1.1081e+12, 2.05071e+12, 8.52528, 25.5366, 
23.0622, 0.454287, 0.530361, 0.0213969, 820.013, 957.329, 38.6225, -11.7285, 30.7421, 36.0713, -2.05545e+06, 3.94014e+06, 3.56103e+06, -2.61403e+09, 5.02794e+09, 4.5317e+09, 
3.51287, 26.4204, 41.6878, 3.37951, 0.362326, 7.49075, 343.27, 36.8022, 760.863, 56.8553, -23.5402, 8.45297, -14859.7, -39567.8, -15828.3, -4.44812e+07, 
-1.19673e+08, -4.87738e+07, 37.4495, 42.8661, 55.0436, 0.176279, 0.0771084, 0.0968632, 687.711, 299.253, 381.114, 1.25377, 38.8148, 17.0203, 0.166177, 0.078708, 
0.200177, 827.701, 392.032, 997.052, 50.6016, 37.8152, 1.96017, -36.0917, -29.3782, -17.0025, -122079, -101847, -59040, 52.2263, 32.5669, 56.9217, 
1706.09, -3162.76, 212.534, 905806, -1.60991e+06, 143561, 21.3137, 57.7999, 23.7562, 0.0450696, 0.0473669, 0.424354, 58.9647, 61.9702, 555.184, -41.0216, 
45.8285, -8.39714, -2.50203e+08, 2.21367e+08, -6.56852e+08, -1.03997e+12, 9.39734e+11, -2.70177e+12, 39.9262, 2.09158, 51.8827, 228932, 39646.1, 142318, 2.9801e+08, 6.17084e+07, 
1.35457e+08, 27.8753, 2.61032, 6.72624, -145.09, -567.954, 68.6549, -671743, -2.46775e+06, 278444, 5.17104, 53.1346, 47.6955, 0.129621, 0.0872797, 0.165483, 
573.158, 385.935, 731.736, -47.5258, 15.4915, 26.3491, -1.11537e+06, 102493, 1.29534e+06, -5.26003e+09, 7.0099e+08, 6.01901e+09, 48.8044, 55.6431, 39.0013, 1.22361, 
4.4176, 1.7412, 248.444, 910.426, 354.32, 54.1585, 45.0535, 37.6892, -0.928309, -19.5654, -2.19504, -4527.39, -74219.4, -8896.71, 32.9399, 55.3659, 
31.7217, 13.2647, -10.8165, 26.7698, 15760.9, -14774.4, 39286.7, -48.4151, -12.0641, -56.556, -170341, -1.44181e+06, -742981, -2.88841e+08, -1.32405e+09, -5.8961e+08, 
-10.636, -53.3582, -4.84658, -3.5032e+10, -1.99876e+10, -1.77558e+10, -5.89866e+13, -3.32162e+13, -2.94369e+13, -3.61413, -34.0281, 57.179, -3.28216e+08, -4.22656e+07, 1.92443e+07, -1.13536e+12, 
-1.57334e+11, 4.12218e+10, 49.046, -19.4064, -13.9139, 3.68939e+06, -7.07172e+06, -6.39607e+06, 2.61383e+09, -5.02722e+09, -4.53466e+09, 17.1053, 27.3404, 59.998, -214.676, -15.5681, 
265.336, -236481, -18965.1, 293267, 51.8939, 2.78671, 46.5249, 7.57867e+09, 3.35014e+09, 1.53638e+10, 3.04597e+13, 1.34662e+13, 6.5276e+13, -41.5847, 59.2246, 1.03055, 
-1.22864e+06, 797105, 1.46555e+06, -5.1414e+09, 3.43123e+09, 5.89873e+09, 6.98299, 25.0641, 30.1002, 2.24651, 2.21219, 2.64088, 476.679, 469.397, 560.357, 40.5366, 
6.19601, 23.2169, 0.122942, 0.0834765, 0.2015, 491.412, 333.664, 805.415, 1.17753, -8.80212, -10.7091, 5.08542e+07, -1.57203e+06, -7.54233e+07, 2.71582e+09, -1.13586e+08, 
-4.04479e+09, -4.34642, 13.7153, 39.4703, -348482, 550715, 8356.09, -1.45731e+09, 2.25479e+09, 5.29401e+06, -49.0378, 34.0431, -49.5922, -527413, -2166.69, -553547, 
-1.19518e+09, -1.32012e+06, -1.30637e+09, 14.0143, 23.4711, 20.431, 0.0409586, 0.268026, 0.0402888, 132.274, 865.579, 130.111, 6.5992, -27.628, -58.216, 4.01695e+09, 
-1.09654e+11, -3.63774e+10, 9.63876e+12, -4.62307e+14, -1.55742e+14, 29.9416, 52.1462, 51.6359, -18.6499, -11.2806, -31.2932, -6744.06, -4083.83, -8254.66, 30.3896, 42.2383, 
6.27097, 1.07148, 0.827425, 0.497231, 988.893, 765.169, 448.83, 23.9851, -42.999, -43.2284, 1.85505e+07, -1.22058e+07, -2.14772e+07, 5.10473e+09, -3.45519e+09, -5.68011e+09, 
34.0544, 50.8199, 5.89717, -460.141, -307.579, 201.783, -44396.4, -30414.5, 19423.4, -1.6732, 42.1406, -53.4176, -5.85727e+12, 1.82157e+12, -5.57418e+12, -2.80499e+16, 
7.97682e+15, -2.6907e+16, 31.3925, 44.5684, 9.04178, 0.109315, 0.122385, 0.0564631, 464.989, 521.339, 240.407, 53.6792, 19.9871, 55.2431, 0.109314, 0.131297, 
0.020431, 462.546, 555.565, 86.4512
