44.9846, 58.1324, 4.92651, 0.790242, 0.461923, 0.22745, 898.537, 525.225, 258.62, -40.5595, -1.59568, -53.6655, -237457, -395878, -179095, -3.75371e+07, 
-6.52154e+07, -3.18156e+07, 34.3655, -47.4979, 47.69, 2.7685e+13, -7.26294e+12, 2.58689e+13, 2.825e+16, -7.74094e+15, 2.70829e+16, 56.268, -9.99692, 32.9398, 367056, -489833, 
43842, 1.45937e+09, -1.99925e+09, 1.84624e+08, 50.3435, 57.5459, 48.2067, 0.160529, 0.145651, 0.0801232, 774.093, 702.347, 386.365, 57.5826, 20.818, 19.9139, 
2.24478, -1.73659, 0.291735, 9459.38, -7666.75, 1879.63, 53.7027, 14.0234, 33.475, 2.45489, 0.483913, 4.44481, 487.829, 95.4662, 899.595, 2.8459, 
22.5452, 2.80793, 2.55686e+07, 4.71787e+07, 7.80518e+06, 4.69128e+10, 8.59011e+10, 1.49114e+10, 40.4323, 4.1635, 25.6047, -9810.24, 12978.8, 8719.39, -4.53225e+06, 5.63991e+06, 
3.76084e+06, 54.6316, -47.21, 11.7122, 33683.6, -122259, 129682, 1.24177e+08, -3.65569e+08, 6.05527e+08, 48.2887, 22.4045, 39.3216, 1.06128e+09, 2.88375e+08, 6.21921e+08, 
1.39536e+12, 3.57341e+11, 8.00904e+11, -26.2088, 22.8802, 18.266, -562478, 75379.4, 999928, -2.4271e+09, 3.69122e+08, 4.35893e+09, 52.3998, 4.52293, 2.82391, 4151.14, 
-2116.44, -3249.93, 1.96014e+07, -6.49451e+06, -1.39897e+07, 17.1647, 2.65611, 43.5848, 57210.9, 104668, 10747.3, 8.90147e+07, 1.57015e+08, 1.47579e+07, 11.9492, 21.5734, 
42.7863, 0.692714, 0.93401, 0.88798, 491.212, 672.741, 653.501, -24.6804, -1.38225, -13.3975, -4.18238e+10, -3.06717e+10, -7.52298e+10, -4.44493e+13, -2.9814e+13, -7.68245e+13, 
18.6792, -58.2056, -48.6047, 918876, -541003, -1.87576e+06, 3.82547e+09, -2.39144e+09, -7.183e+09, 54.8672, -51.1462, 28.1159, -2091.79, -158814, 28724.1, -4.97973e+06, 
-4.42955e+08, 8.47689e+07, 16.8467, 27.4696, 0.172189, -21.7066, 5.26581, 23.3219, -239400, -944.583, 287445, -13.3795, 26.9821, 30.092, -3.11882e+10, 2.06591e+11, 
4.50684e+10, -6.51367e+13, 4.54024e+14, 1.05801e+14, 33.9177, 37.6849, 27.5194, 2.4814e+08, 1.38859e+09, 2.42594e+08, 1.67399e+10, 8.67408e+10, 1.32956e+10, 12.1778, 16.8305, -33.0183, 
-10265.9, 66932, -32243.5, -2.26623e+07, 1.92459e+08, -9.12346e+07, 53.6225, 28.2119, 45.6684, -7280.75, -5579.68, 6809.8, -1.8698e+07, -1.43702e+07, 1.73335e+07, -17.7357, 
-49.8726, -17.1699, -4.96636e+08, -1.34948e+08, -2.91035e+08, -1.39536e+12, -3.57341e+11, -8.00904e+11, -31.8948, -56.5838, 32.9443, -61943.9, -69128.9, 84351.3, -1.01902e+08, -1.0283e+08, 
1.40703e+08, -3.90333, 53.6616, -17.283, -106335, 380307, -401972, -1.25289e+08, 3.62307e+08, -6.00354e+08, 19.1247, 38.8412, 7.33236, 0.100684, 0.21242, 0.194474, 
386.972, 816.418, 747.445, 39.9867, 56.5267, 27.1698, -7901.9, 6288.7, 6125.15, -1.90736e+07, 1.11032e+07, 1.35181e+07, 1.09947, -2.62253, -16.0714, 209690, 
-664523, -612916, 9.76055e+08, -3.08682e+09, -2.77681e+09, 35.5301, 39.8067, 38.5071, -26.2946, -3.59017, 79.5597, -108170, -28750.2, 384621, 51.182, 30.3843, 
2.46532, -20.2634, -10.8751, -2.41088, -23845.4, -12353.4, -3129.23, 42.667, 49.1674, 17.5959, 0.164236, 0.292751, 0.252585, 560.082, 998.344, 861.368, 
29.2159, 5.57109, 58.9988, 0.050327, -0.0619942, 0.179837, 135.883, -172.433, 488.667, 36.267, 20.7482, 33.8742, 0.0384008, 0.233188, 0.208927, 102.592, 
623.09, 558.298, -47.2839, 24.7317, 8.05793, -265621, 842426, 776960, -9.75479e+08, 3.08738e+09, 2.7771e+09, 31.4771, 52.754, 56.0916, 4341.63, 103813, 
61944.1, 1.02591e+07, 2.17592e+08, 1.29616e+08, 25.4203, 20.9025, 28.5058, -3.06201, -1.9041, -0.153054, -9894.67, -10066.6, -3848.6, 30.7071, 49.3738, 58.4289, 
0.149197, -1.94723, -31.8736, -187.945, -1267.75, -23827.3, 44.3881, 29.8796, 28.1898, 22.0474, -17.8767, -21.0994, 68174, -61387.6, -68949.8, 54.7859, 
7.93586, 10.7803, 0.27232, 0.0985675, 0.185036, 1198.98, 430.487, 812.652, -40.9668, -48.4097, -26.304, -472904, -115361, -353249, -8.36925e+08, -1.55919e+08, 
-6.39385e+08, 49.6111, 59.0327, 54.8641, 1.72123, 1.61615, 0.200054, 695.519, 653.057, 80.8383, -59.2634, 11.9501, 24.6024, -2.44556e+07, 1.34939e+07, 4.20236e+08, 
3.6955e+09, 4.92057e+09, 5.49964e+11, 27.4245, 15.8327, 7.07145, 108935, 3.17131e+06, 1.9939e+06, 2.05422e+08, 2.05981e+09, 1.2829e+09, 44.4141, 48.473, -6.97949, 25341.1, 
21495.8, -31680.5, 1.09501e+08, 8.15869e+07, -1.37977e+08, 17.1208, 40.5432, 28.5583, 0.13084, 0.209789, 0.20556, 614.237, 984.871, 965.017, 54.8164, 22.8039, 
40.208, -1071.18, 3017.43, -1226.26, -1.95923e+06, 4.58558e+06, -1.72185e+06, 57.175, 16.4917, 49.142, 0.899184, 0.222678, 0.295215, 879.734, 217.862, 288.83, 
19.4055, 18.9728, 28.5661, 0.129715, 0.313978, 0.0351797, 308.716, 747.254, 83.726, 14.5009, 31.9995, 37.765, 0.122332, 0.265476, 0.0628045, 410.367, 
890.549, 210.68, 31.659, 3.52881, 1.59851, 1.18207e+10, 8.08937e+09, 2.32014e+09, 5.3277e+13, 3.88563e+13, 1.10983e+13, 27.7723, 26.9548, 7.8664, -127.871, 166.882, 
-792.595, -416034, 612441, -3.57961e+06, 14.7775, -6.05151, -22.9978, 2.8743e+08, -2.67319e+07, -1.77583e+06, 1.26253e+12, -1.3303e+11, -5.28064e+10, -5.02753, -7.21134, -24.8521, 
-5.26305e+08, -9.71114e+08, -1.60653e+08, -4.69138e+10, -8.59017e+10, -1.49109e+10, 47.8667, 39.9819, -57.8811, 2.78646e+07, 1.37494e+08, -2.95629e+08, 1.0763e+11, 4.34302e+11, -8.63929e+11, 42.0859, 
34.7186, 45.888, 0.0991306, 0.269173, 0.229941, 177.132, 480.973, 410.871, 36.4086, -20.4105, -41.2595, 5.85205e+08, -5.18673e+08, -5.07937e+08, 1.58605e+12, -1.38109e+12, 
-1.34089e+12, 59.3177, 13.2716, 34.1201, 0.369143, 1.00789, 1.05872, 939.608, 2424.35, 2551.9, 59.5867, 54.0043, 11.1991, 0.206947, 0.101835, 0.194671, 
959.579, 472.19, 902.644, -6.56623, -22.6364, -39.674, -4.80213e+06, -2.68727e+07, -4.69482e+06, -1.67399e+10, -8.67408e+10, -1.32956e+10, 17.8576, 43.9268, 6.29432, 0.172035, 
0.0266747, 0.118069, 802.402, 124.416, 550.696, 16.0667, -12.7739, 20.8965, 4.1238e+08, -4.38491e+08, 6.57202e+08, 1.28508e+12, -1.35023e+12, 2.0233e+12, 8.55253, 25.5685, 
23.0635, 0.454287, 0.530361, 0.0213969, 820.013, 957.329, 38.6225, -27.3278, 57.8963, 19.3171, -3.71766e+06, 2.31437e+06, 5.71921e+06, -4.91441e+09, 2.58337e+09, 7.51054e+09, 
3.71564, 26.4421, 42.1372, 3.3796, 0.362333, 7.49082, 343.279, 36.8031, 760.871, 4.2263, -31.7956, 11.9152, -15953.4, -46865.1, -15977.8, -5.02792e+07, 
-1.36678e+08, -4.56082e+07, 37.4604, 42.8704, 55.0497, 0.18173, 0.0758219, 0.100463, 703.655, 292.726, 396.781, 1.26374, 38.8195, 17.0323, 0.166177, 0.078708, 
0.200177, 827.701, 392.032, 997.052, 48.4758, 35.9623, 0.65247, -32.4846, -29.0196, -21.7556, -111994, -101141, -72856.9, 48.0267, 55.0295, 26.3495, 
1639.59, -5178.76, 730.834, 807640, -2.57601e+06, 340016, 21.3164, 57.8027, 23.7817, 0.0450696, 0.0473669, 0.424354, 58.9647, 61.9702, 555.184, -36.5928, 
35.4996, -34.7389, -2.99445e+08, 3.22255e+08, -6.18179e+08, -1.28874e+12, 1.34532e+12, -2.57347e+12, 20.863, 48.8777, 46.0744, 697523, 169883, 518737, 8.37705e+08, 1.55839e+08, 
6.37261e+08, 20.0862, 30.1305, 8.88833, -107.141, -577.211, 4.61013, -466726, -2.49241e+06, 67039.6, 5.17882, 53.1398, 47.7054, 0.129621, 0.0872797, 0.165483, 
573.158, 385.935, 731.736, -1.25083, 56.7732, 21.9216, -791489, 470290, 1.61368e+06, -3.83044e+09, 2.41213e+09, 7.18119e+09, 48.8732, 55.9034, 39.0981, 1.08355, 
4.26622, 1.4779, 216.42, 870.29, 304.246, 54.4216, 43.8688, 37.6558, 5.07132, -19.9291, 0.199018, 21013.3, -76102.8, -1435.09, 33.7549, 54.8563, 
33.6469, 2.3009, -8.20206, 31.1993, -982.889, -18961.3, 42319.5, -44.252, -56.2125, -17.1514, -82947.1, -2.41464e+06, -1.51816e+06, -2.05425e+08, -2.05981e+09, -1.2829e+09, 
-2.69543, -5.4196, -30.5945, -3.37184e+10, -2.30749e+10, -6.61817e+09, -5.3277e+13, -3.88563e+13, -1.10983e+13, -3.6967, 53.4381, 23.5466, -3.60293e+08, 3.34638e+07, 2.19572e+06, -1.2625e+12, 
1.32879e+11, 5.27078e+10, 24.3567, -26.7504, -1.02569, 6.67296e+06, -4.15469e+06, -1.02692e+07, 4.91402e+09, -2.58344e+09, -7.51275e+09, 12.9091, 26.9377, 5.16878, 60.075, -6.75833, 
-67.3031, 221389, 12831.8, -270761, 27.5594, 27.9839, 28.1625, 1.00418e+10, 7.90704e+09, 1.93458e+10, 4.27568e+13, 3.07607e+13, 7.90305e+13, -14.5927, 43.6929, 41.7537, 
-993049, 667103, 1.34915e+06, -4.20312e+09, 2.77799e+09, 5.24754e+09, 7.11778, 25.1969, 30.2586, 2.24651, 2.21219, 2.64088, 476.679, 469.397, 560.357, 40.544, 
6.20101, 23.229, 0.122942, 0.0834765, 0.2015, 491.412, 333.664, 805.415, 32.4885, -29.4929, -3.45142, 4.63884e+07, -6.20816e+06, -8.24698e+07, 2.42687e+09, -3.68636e+08, 
-4.35877e+09, -30.9949, 7.76122, -44.1622, -359326, 479577, -42903.5, -1.45925e+09, 1.99935e+09, -1.84549e+08, -21.4886, 0.384094, -13.5688, -490041, 139634, -488131, 
-1.16728e+09, 2.96827e+08, -1.14334e+09, 14.0168, 23.4872, 20.4334, 0.0409586, 0.268026, 0.0402888, 132.274, 865.579, 130.111, 59.2493, -22.4192, -46.9864, 1.61747e+10, 
-1.07142e+11, -2.33732e+10, 6.51367e+13, -4.54024e+14, -1.05801e+14, 28.7636, 51.4607, 48.7692, -31.8457, -13.557, -61.3384, -10790.1, -5840.99, -17578.2, 30.4527, 42.2928, 
6.2997, 1.15298, 0.897808, 0.29528, 1033.45, 818.37, 286.123, 54.3518, -23.4398, -34.7691, 1.49929e+07, -1.02023e+07, -1.97688e+07, 4.17678e+09, -2.79477e+09, -5.04756e+09, 
6.4356, 35.6602, 19.571, -417.023, -201.721, 274.034, -41037.2, -19447.6, 27363.1, -7.20475, 3.64689, -25.756, -6.00546e+12, 1.57548e+12, -5.61151e+12, -2.825e+16, 
7.74094e+15, -2.70829e+16, 31.3991, 44.5759, 9.04538, 0.111879, 0.128033, 0.0636401, 476.418, 545.648, 271.339, 53.6858, 19.995, 55.2443, 0.109314, 0.131297, 
0.020431, 462.546, 555.565, 86.4512
