45.032, 58.1601, 4.94015, 0.790242, 0.461923, 0.22745, 898.537, 525.225, 258.62, -25.8405, -56.1708, -9.08223, -208164, -383470, -295948, -3.23233e+07, 
-6.27688e+07, -5.06765e+07, 27.8909, -38.4032, 43.909, 3.1776e+13, -1.42553e+13, 2.30135e+13, 3.2674e+16, -1.53493e+16, 2.2907e+16, 41.2251, -26.0047, 38.725, 350854, -503719, 
5678.99, 1.44251e+09, -2.02176e+09, 4.80507e+07, 50.3531, 57.5546, 48.2116, 0.160529, 0.145651, 0.0801232, 774.093, 702.347, 386.365, 57.7526, 20.6832, 19.9604, 
3.27568, -2.69803, 1.15035, 14146, -11911, 4473.58, 53.838, 14.0572, 33.737, 2.22821, 0.613677, 4.36666, 455.874, 127.542, 884.642, 10.1187, 
54.2221, 46.6208, 2.43879e+07, 4.54403e+07, 7.039e+06, 4.396e+10, 8.43274e+10, 1.29538e+10, 45.3132, 59.7953, 47.1705, -12001.7, 12992.6, 12403.1, -5.20503e+06, 5.55656e+06, 
5.58245e+06, 12.003, -9.85557, -21.021, 257905, -475078, -44233.7, 7.94625e+08, -1.89205e+09, -1.39278e+08, 42.3936, 13.2072, 19.5252, 1.27899e+09, 3.35958e+08, 4.56076e+08, 
1.69032e+12, 4.61306e+11, 6.13395e+11, -59.9122, 39.4537, 12.2314, -583078, 30964, 1.14504e+06, -2.60552e+09, 8.32394e+07, 5.00776e+09, 17.4206, 19.0992, 11.3181, 2359.61, 
-1189.02, -3869.91, 1.22999e+07, -5.31481e+06, -1.61202e+07, 15.131, 35.1045, 39.6847, 70685, 120314, 15862.9, 1.0885e+08, 1.83738e+08, 2.65214e+07, 11.9786, 21.6321, 
42.8442, 0.365625, 1.07309, 0.837441, 271.354, 759.415, 588.854, -27.4569, -38.8155, -29.3961, -3.98739e+10, -2.31942e+10, -8.27264e+10, -4.2146e+13, -2.45915e+13, -8.62941e+13, 
33.3367, -37.7015, -58.7816, 1.33993e+06, -839852, -1.74029e+06, 5.05681e+09, -3.07575e+09, -6.77001e+09, -18.313, -11.9607, 55.4942, -30567.4, -147995, 3870.5, -9.23537e+07, 
-4.23868e+08, 1.04458e+07, 16.3349, 27.5164, 0.782989, 418.649, 50.157, -527.068, 1.5922e+06, 201621, -2.01077e+06, -39.8, 5.03915, 11.5167, -3.24973e+10, 2.05674e+11, 
5.77356e+10, -7.42764e+13, 4.5305e+14, 1.32191e+14, 22.348, 24.3212, -31.1926, 5.39554e+08, 1.76519e+09, -3.78205e+08, 3.17308e+10, 1.1067e+11, -2.52175e+10, -23.1543, 33.6205, 12.1752, 
-27578.2, 86761, 1447.49, -7.71357e+07, 2.42268e+08, -4.57286e+06, 29.0052, 23.1524, 29.1579, -6905.45, -7415.04, 7075.84, -1.80838e+07, -1.95298e+07, 1.79876e+07, -50.9134, 
-55.3596, -56.0907, -5.9852e+08, -1.57215e+08, -2.13426e+08, -1.69032e+12, -4.61307e+11, -6.13395e+11, -0.14005, -38.0156, 46.6647, -12499.2, -33554.5, 94433.5, -9.10909e+06, -6.15147e+07, 
1.55345e+08, -27.5843, 35.3714, 38.3312, -809026, 1.48375e+06, 143768, -7.95848e+08, 1.88657e+09, 1.45557e+08, 19.1308, 38.854, 7.34403, 0.100684, 0.21242, 0.194474, 
386.972, 816.418, 747.445, 25.3816, 31.3978, 46.5344, -4066.21, 4466.91, 7251.94, -1.11519e+07, 1.00579e+07, 1.53676e+07, 4.87089, -23.1821, -45.6667, 222374, 
-767914, -707160, 9.94995e+08, -3.52396e+09, -3.23373e+09, 35.3562, 39.0774, 43.8907, 3.71029, -17.193, 105.359, 30910.6, -84693.2, 519303, 49.8803, 29.7147, 
2.27864, -20.7948, -12.1669, -2.70015, -24546.6, -14283.1, -3136.49, 42.6769, 49.1849, 17.611, 0.164236, 0.292751, 0.252585, 560.082, 998.344, 861.368, 
29.2195, 5.56542, 59.0102, 0.0646574, -0.118836, 0.198818, 175.767, -322.102, 540.651, 36.2693, 20.7622, 33.8868, 0.0380656, 0.232875, 0.209163, 101.692, 
622.257, 558.933, -3.47991, 41.0283, 23.8044, -281754, 973316, 896455, -9.94602e+08, 3.52385e+09, 3.23415e+09, 10.3928, 10.574, 17.6139, 1918.59, 99094.6, 
55802, -502696, 2.11282e+08, 1.24514e+08, 25.3877, 20.7056, 28.5219, -2.41862, 0.527693, -0.28177, -13221, 2606.88, -2312.55, 30.6637, 49.2289, 56.5375, 
-1.68306, -1.47528, -32.4843, -1281.31, -1095.51, -24704.4, 46.4802, 28.038, 26.9428, 43.2399, -29.2264, -14.5713, 130341, -84021.2, -54349.1, 54.8024, 
7.94201, 10.791, 0.276139, 0.104704, 0.180154, 1214.55, 462.592, 793.51, -42.8649, -27.9255, -14.1943, -533418, -364135, -283116, -9.51566e+08, -5.57617e+08, 
-4.28746e+08, 49.7144, 59.1296, 54.8761, 1.72123, 1.61615, 0.200054, 695.519, 653.057, 80.8383, -2.97608, 18.1635, 34.2739, -5.17621e+07, 2.72288e+08, 4.64235e+08, 
-7.01536e+10, 3.23581e+11, 6.07487e+11, 9.5574, 31.0294, 35.9288, 1.86661e+06, 4.33111e+06, 952402, 1.35662e+09, 2.89665e+09, 6.22755e+08, 13.7959, 17.8503, -51.1051, 6277.98, 
9801.61, -37908.3, 1.51157e+07, 4.9738e+07, -1.59614e+08, 17.1287, 40.5558, 28.5706, 0.13084, 0.209789, 0.20556, 614.237, 984.871, 965.017, 16.8913, 58.5055, 
50.0889, -1197.76, 2618.95, -1361.4, -2.52998e+06, 4.5522e+06, -1.95025e+06, 57.2289, 16.505, 49.1597, 0.899184, 0.222678, 0.295215, 879.734, 217.862, 288.83, 
19.4133, 18.9917, 28.5682, 0.129715, 0.313978, 0.0351797, 308.716, 747.254, 83.726, 14.5082, 32.0154, 37.7688, 0.122332, 0.265476, 0.0628045, 410.367, 
890.549, 210.68, 39.0275, 37.1064, 58.1526, 1.33526e+10, 1.01776e+10, 2.404e+09, 6.33042e+13, 4.90959e+13, 1.16637e+13, 30.7557, 36.2817, 16.4071, 69.5714, 54.5609, 
-902.823, 333991, 230383, -4.03016e+06, 41.7891, -19.9187, -58.7352, 2.35976e+08, -5.07006e+07, -7.25288e+07, 1.0321e+12, -1.80313e+11, -3.34938e+11, -17.5761, -35.2688, -45.3319, 
-5.02005e+08, -9.35333e+08, -1.44878e+08, -4.39613e+10, -8.43283e+10, -1.29528e+10, 22.3457, 43.8275, -53.4432, 8.32103e+07, 1.70232e+08, -2.33478e+08, 2.35777e+11, 4.80713e+11, -6.6893e+11, 42.0918, 
34.7347, 45.9019, 0.0965992, 0.257488, 0.25532, 168.085, 439.214, 501.567, 22.6338, -36.8544, -32.5835, 5.3475e+08, -4.18355e+08, -4.46504e+08, 1.4767e+12, -1.16314e+12, 
-1.20395e+12, 59.3437, 13.3317, 34.1808, 0.460438, 1.13744, 0.960401, 1097.13, 2808.05, 2370.8, 59.5991, 54.0104, 11.2108, 0.207043, 0.101904, 0.194683, 
960.023, 472.545, 902.755, -56.7762, -19.3072, 41.1847, -1.04417e+07, -3.4161e+07, 7.31923e+06, -3.17308e+10, -1.1067e+11, 2.52175e+10, 17.868, 43.9284, 6.30141, 0.172035, 
0.0266747, 0.118069, 802.402, 124.416, 550.696, 42.2525, -8.02742, 12.8931, 4.46948e+08, -5.38352e+08, 6.4638e+08, 1.33176e+12, -1.66938e+12, 1.99537e+12, 8.64618, 25.4419, 
23.0552, 17.052, -39.0514, -2.38605, 60739.6, -141937, -8652.53, -4.83672, -1.43163, 57.6572, -3.46275e+06, -151612, 6.66798e+06, -4.52416e+09, -2.78806e+08, 8.80474e+09, 
3.91842, 26.4639, 42.5867, 3.37962, 0.362242, 7.49085, 343.281, 36.794, 760.873, -13.6628, -45.7397, 17.3367, -24326.3, -52850.8, -17289, -7.3069e+07, 
-1.57556e+08, -5.34754e+07, 37.472, 42.8752, 55.0552, 0.209193, 0.0849742, 0.0881193, 814.852, 333.594, 342.738, 1.27371, 38.8243, 17.0443, 0.166177, 0.078708, 
0.200177, 827.701, 392.032, 997.052, 46.3556, 34.3847, 59.2642, -36.4778, -23.6933, -24.8542, -123431, -81031.8, -83777.2, 50.5775, 27.2646, 20.4935, 
678.812, -5583.79, 1073.17, 381356, -2.8201e+06, 545066, 21.3191, 57.8056, 23.8071, 0.0450696, 0.0473669, 0.424354, 58.9647, 61.9702, 555.184, -32.7166, 
49.2466, -31.3703, -3.16787e+08, 3.17189e+08, -6.23623e+08, -1.26152e+12, 1.34583e+12, -2.60306e+12, 58.1754, 34.0254, 50.0312, 786363, 536302, 415186, 9.51915e+08, 5.572e+08, 
4.26427e+08, 16.7564, 57.7309, 14.1805, -37.7769, -512.83, 90.9161, -151221, -2.20191e+06, 410838, 5.18659, 53.145, 47.7153, 0.129621, 0.0872797, 0.165483, 
573.158, 385.935, 731.736, -1.45118, 43.653, 31.3671, -1.15394e+06, 725687, 1.49921e+06, -5.06006e+09, 3.08732e+09, 6.77524e+09, 48.933, 56.1599, 39.1904, 0.948296, 
4.29326, 1.61361, 201.586, 879.29, 339.166, 54.9332, 42.4167, 37.6223, 8.59626, -26.2859, -2.51322, 29123.3, -95864.2, -11745.5, 33.9651, 54.4201, 
34.9349, -10.4241, -21.8737, 22.044, -7890.07, -28489.7, 27904, -37.4854, -55.3023, -7.46582, -1.42124e+06, -3.29771e+06, -725159, -1.35663e+09, -2.89665e+09, -6.22755e+08, 
-46.7509, -57.0123, -58.4249, -3.80881e+10, -2.90314e+10, -6.85738e+09, -6.33042e+13, -4.90959e+13, -1.16637e+13, -56.589, 2.82577, 18.0916, -2.95794e+08, 6.35115e+07, 9.08959e+07, -1.03207e+12, 
1.80165e+11, 3.34863e+11, 51.4015, 13.3149, -35.1356, 6.21286e+06, 274572, -1.19744e+07, 4.52182e+09, 2.80682e+08, -8.80835e+09, 13.6468, 27.5159, 3.98609, -1537.35, -169.452, 
1929.42, -1.61004e+06, -189483, 2.02749e+06, 46.561, 51.5952, 16.3113, 9.54802e+09, 5.94872e+09, 2.11331e+10, 4.04346e+13, 2.52738e+13, 8.81682e+13, -20.867, 11.2044, 45.8792, 
-1.15868e+06, -195.111, 990730, -4.70587e+09, 8.46906e+07, 3.9549e+09, 7.25257, 25.3296, 30.4171, 2.24651, 2.21219, 2.64088, 476.679, 469.397, 560.357, 40.5514, 
6.20602, 23.2411, 0.122942, 0.0834765, 0.2015, 491.412, 333.664, 805.415, 17.5574, -47.4479, -8.3546, 4.80875e+07, -2.54739e+06, -9.44384e+07, 2.6053e+09, -8.29047e+07, 
-5.00759e+09, -50.0536, 27.9049, 15.3179, -343460, 493167, -5538.77, -1.44239e+09, 2.02184e+09, -4.79651e+07, -6.92963, 32.1807, -53.8227, -422398, 172154, -475247, 
-9.47423e+08, 3.88964e+08, -1.14013e+09, 14.0192, 23.5032, 20.4359, 0.0412412, 0.268076, 0.0401253, 134.1, 865.907, 129.055, 52.0479, -36.2068, -8.78188, 1.68536e+10, 
-1.06666e+11, -2.99426e+10, 7.42764e+13, -4.5305e+14, -1.32191e+14, 26.325, 50.094, 46.5965, -50.8401, -39.5477, -27.129, -15555.5, -13810.6, -6513.26, 30.5227, 42.3452, 
6.31565, 1.07431, 0.934479, 0.167346, 983.097, 854.517, 149.033, 3.48223, -34.1497, -28.145, 1.73441e+07, -123290, -1.43459e+07, 4.62762e+09, -1.20089e+08, -3.76331e+09, 
46.6577, 30.2933, 39.4753, -223.149, 22.6172, 375.088, -20200.4, 2364.88, 37171.6, -11.3134, 40.2003, -8.99452, -6.89287e+12, 3.09228e+12, -4.9921e+12, -3.2674e+16, 
1.53493e+16, -2.2907e+16, 31.4059, 44.5838, 9.04942, 0.115286, 0.135049, 0.0708553, 490.676, 574.859, 302.11, 53.6924, 20.0028, 55.2455, 0.109314, 0.131297, 
0.020431, 462.546, 555.565, 86.4512
