45.0797, 58.1884, 4.95314, 0.744403, 0.451489, 0.127468, 861.487, 515.393, 148.359, -22.336, -59.5906, -15.3711, -188821, -218322, -266612, -2.9832e+07, 
-3.63444e+07, -4.44149e+07, 15.6763, -48.292, 32.7581, 2.32889e+13, -1.01653e+13, 3.01461e+13, 2.36844e+16, -1.03353e+16, 3.09049e+16, 40.6499, -10.314, 40.2278, 425070, -561464, 
62045.6, 1.72257e+09, -2.29721e+09, 2.79848e+08, 50.3628, 57.5634, 48.2164, 0.160529, 0.145651, 0.0801232, 774.093, 702.347, 386.365, 57.9841, 20.5081, 20.0258, 
3.67919, -2.61911, 1.28591, 15708.6, -10589.3, 5376.52, 53.969, 14.0917, 34.0006, 2.19525, 0.524822, 4.40705, 448.289, 113.476, 885.454, 38.5455, 
51.8834, 15.7754, 2.03263e+07, 4.5853e+07, 5.66079e+06, 3.79508e+10, 8.40471e+10, 9.74006e+09, 14.1948, 40.2985, 40.1047, -15707.4, 14708.8, 7820.24, -6.98973e+06, 6.43954e+06, 
3.20925e+06, 4.06927, -25.3252, -51.8342, 444835, -742707, -410067, 1.75483e+09, -2.93772e+09, -1.70329e+09, 38.6061, 33.0576, 42.1936, 1.12384e+09, 2.50425e+08, 5.48963e+08, 
1.44729e+12, 3.03948e+11, 7.02298e+11, -5.03532, 15.4567, 7.94526, -567099, 26286.9, 875765, -2.52656e+09, 1.88493e+08, 3.87725e+09, 15.3899, 27.6718, 43.9616, 1446.56, 
-596.502, -698.157, 7.68922e+06, -4.85366e+06, -4.6437e+06, 55.5883, 24.2487, 21.4055, 70633.5, 133780, 22559.6, 1.03649e+08, 2.02435e+08, 3.77463e+07, 12.0094, 21.6955, 
42.8954, 0.550662, 1.08218, 0.753449, 387.063, 792.254, 538.94, -14.9486, -20.0302, -31.8675, -5.15626e+10, -5.47384e+10, -8.64852e+10, -5.22214e+13, -5.68439e+13, -8.84679e+13, 
23.1645, -47.9559, -54.7675, 2.06111e+06, -1.02632e+06, -1.49192e+06, 8.24954e+09, -4.37013e+09, -6.21833e+09, 28.6952, -34.1958, 40.1954, -9989.23, -103003, -5994.52, -1.69819e+07, 
-2.67622e+08, -3.6416e+07, 9.07799, 26.9377, 9.80279, -557.864, -89.1728, 716.566, -1.09265e+06, -227698, 1.43506e+06, -40.4141, 19.3781, 54.0987, -3.40099e+10, 2.38383e+11, 
5.78398e+10, -7.0486e+13, 5.19105e+14, 1.30333e+14, 44.9117, 10.0803, 5.93915, 1.06962e+08, 1.70494e+09, 5.90616e+08, 5.49493e+09, 1.09836e+11, 4.02054e+10, -50.0943, 32.6267, 45.6201, 
-38450.3, 80257.2, 25692.9, -1.09556e+08, 2.35863e+08, 7.80944e+07, 4.62018, 22.2609, 50.1272, -8000.43, -9262.97, 6613.42, -2.06868e+07, -2.38462e+07, 1.64264e+07, -30.1776, 
-21.7906, -16.9986, -5.25914e+08, -1.17189e+08, -2.56894e+08, -1.44729e+12, -3.03949e+11, -7.02298e+11, 4.54632, -8.07761, 30.36, 38068.9, -63577.9, 133218, 6.96026e+07, -9.5592e+07, 
2.26943e+08, -18.4545, 17.1532, 51.1896, -1.39401e+06, 2.32108e+06, 1.29075e+06, -1.75543e+09, 2.93124e+09, 1.71072e+09, 19.1368, 38.8667, 7.3557, 0.100684, 0.21242, 0.194474, 
386.972, 816.418, 747.445, 3.65696, 17.4435, 30.5216, -5662.95, 3356.08, 2801.79, -1.30183e+07, 9.16357e+06, 8.17327e+06, 40.7042, -16.6936, -22.6939, 146232, 
-773671, -653646, 6.07376e+08, -3.47185e+09, -2.91744e+09, 36.3449, 39.3673, 50.3412, 18.9985, 19.159, 95.7165, 109554, 109635, 482326, 48.6072, 28.9524, 
2.12482, -22.6934, -12.3953, -3.08912, -26965.1, -14679.4, -3372.67, 42.6867, 49.2025, 17.6262, 0.164236, 0.292751, 0.252585, 560.082, 998.344, 861.368, 
29.2236, 5.55821, 59.0219, 0.075663, -0.149631, 0.195456, 212.707, -420.761, 538.565, 36.2716, 20.7761, 33.8993, 0.037647, 0.232637, 0.209436, 100.568, 
621.627, 559.662, -43.2615, 13.9827, 31.2903, -185158, 980682, 828684, -6.06689e+08, 3.472e+09, 2.91814e+09, -42.8351, -54.3549, -40.3404, -4.91992e+06, -1.9096e+06, 
-1.54059e+06, -8.75507e+09, -3.88427e+09, -1.08112e+09, 24.7629, 20.5054, 28.7029, -26.9928, 2.20176, 5.06401, -115112, 11083.9, 24657.8, 30.4804, 49.1881, 54.6337, 
-3.08625, -0.993055, -31.0125, -2358.98, -658.295, -23440.6, 48.6263, 25.8085, 26.3836, 37.9968, -35.5679, -13.1082, 126478, -117949, -46101.9, 54.8188, 
7.9486, 10.8017, 0.276613, 0.114873, 0.178465, 1227.72, 504.907, 787.827, -54.7175, -2.22247, -12.5416, -654969, -638535, -635550, -1.07442e+09, -1.13275e+09, 
-1.04736e+09, 49.8177, 59.2266, 54.8881, 1.72123, 1.61615, 0.200054, 695.519, 653.057, 80.8383, -59.0435, 18.4189, 32.5552, -3.37182e+08, 1.78024e+08, 7.21667e+08, 
-3.90442e+11, 2.40793e+11, 9.18041e+11, -7.60951, 58.6723, 28.0246, -182530, 4.24461e+06, 347445, -6.83238e+07, 2.93706e+09, 3.56132e+08, 57.8241, 32.9984, -26.3443, -6958, 
26553.7, -49307.7, -3.51563e+07, 1.04546e+08, -2.15241e+08, 17.1365, 40.5684, 28.5829, 0.13084, 0.209789, 0.20556, 614.237, 984.871, 965.017, 13.0407, 55.2717, 
18.3848, -268.784, 5454.52, 635.575, -590450, 9.69441e+06, 1.55217e+06, 57.2829, 16.5184, 49.1774, 0.899184, 0.222678, 0.295215, 879.734, 217.862, 288.83, 
27.9653, 44.9151, 8.24199, 4.43398e+06, 1.80799e+06, 1.42562e+06, 8.78627e+09, 4.1007e+09, 1.18265e+09, 14.5156, 32.0313, 37.7726, 0.122332, 0.265476, 0.0628045, 410.367, 
890.549, 210.68, 43.0222, 48.066, 36.4434, 1.20454e+10, 9.68724e+09, 9.03805e+08, 5.66004e+13, 4.47641e+13, 5.70772e+12, 32.1386, 34.0373, 19.3583, -19.3118, -70.656, 
-1009.59, -103960, -334521, -4.40704e+06, 56.9143, 56.6499, -20.2869, 3.1751e+08, 4.87176e+07, -1.11921e+08, 1.41108e+12, 2.21256e+11, -5.14369e+11, -57.5117, -2.50404, -20.6976, 
-4.18401e+08, -9.43833e+08, -1.16506e+08, -3.79519e+10, -8.40482e+10, -9.73882e+09, 44.526, 41.7602, -15.7286, 1.30134e+08, 2.0898e+08, -1.4318e+08, 4.07383e+11, 6.31811e+11, -4.18456e+11, 42.085, 
34.7801, 45.9098, -0.125537, 1.53573, -0.0624297, -391.173, 2822.41, 145.338, 36.2979, -47.9627, -2.79238, 5.54518e+08, -3.9009e+08, -5.44457e+08, 1.52725e+12, -1.07656e+12, 
-1.50187e+12, 59.727, 13.6385, 33.639, 16.1287, 13.7069, -33.1267, 50936.4, 31892.2, -88311.9, 59.6115, 54.0165, 11.2225, 0.207129, 0.101998, 0.194674, 
960.45, 472.943, 902.63, -51.535, -24.3456, -21.9746, -2.06999e+06, -3.29949e+07, -1.14299e+07, -5.49493e+09, -1.09836e+11, -4.02054e+10, 17.8783, 43.93, 6.30849, 0.172035, 
0.0266747, 0.118069, 802.402, 124.416, 550.696, 12.8679, -39.5424, 10.1926, 4.68265e+08, -6.07728e+08, 7.99041e+08, 1.43767e+12, -1.88716e+12, 2.43442e+12, 53.0248, 17.6491, 
54.7212, 4455.22, 20.281, -2640.1, 7.1901e+06, 71182.3, -4.8924e+06, -27.9941, 20.0886, 11.763, -2.75737e+06, 2.95873e+06, 4.40373e+06, -3.90436e+09, 4.15167e+09, 5.81928e+09, 
4.1212, 26.4856, 43.0361, 3.37969, 0.362263, 7.49085, 343.288, 36.7955, 760.874, -55.9541, -5.14469, -27.7402, -21497.9, -59592.4, -20920.5, -6.06853e+07, 
-1.76441e+08, -6.48474e+07, 37.4839, 42.8807, 55.0609, 0.186467, 0.0923199, 0.106277, 729.952, 364.886, 402.249, 1.28368, 38.829, 17.0563, 0.166177, 0.078708, 
0.200177, 827.701, 392.032, 997.052, 44.2431, 32.9463, 57.7526, -36.0185, -23.3767, -25.3968, -125289, -77992.9, -84351.5, 5.76611, 51.4292, 8.10251, 
60.8689, -5504.47, 503.282, 40770.7, -2.69313e+06, 210029, 21.3218, 57.8084, 23.8326, 0.0450696, 0.0473669, 0.424354, 58.9647, 61.9702, 555.184, -50.4309, 
12.9762, -52.8835, -2.45078e+08, 3.97764e+08, -8.1624e+08, -1.04713e+12, 1.64645e+12, -3.35265e+12, 27.1982, 36.6797, 44.1706, 965193, 939850, 934318, 1.07447e+09, 1.13151e+09, 
1.04478e+09, 15.2806, 28.0769, 18.6688, -27.8701, -438.535, 68.8282, -99603.2, -1.90875e+06, 292218, 5.19436, 53.1503, 47.7251, 0.128368, 0.0851667, 0.129419, 
562.084, 367.248, 412.794, -25.0512, 6.44167, 8.56469, -1.78045e+06, 881538, 1.2822e+06, -8.28152e+09, 4.36106e+09, 6.20781e+09, 48.9845, 56.4159, 39.29, 0.850619, 
4.24349, 1.70505, 175.669, 874.227, 353.526, 55.4614, 40.7843, 37.3148, 7.9167, -28.2907, -7.12238, 26906.8, -104514, -26147.8, 33.3886, 53.5305, 
36.5444, -12.8297, -16.3108, 15.0146, -13460.1, -26953.3, 14334.1, 47.0561, -54.9845, -28.4327, 138973, -3.23184e+06, -264545, 6.83194e+07, -2.93707e+09, -3.56132e+08, 
-39.8558, -21.1915, -4.31014, -3.43595e+10, -2.76328e+10, -2.5781e+09, -5.66004e+13, -4.47641e+13, -5.70772e+12, -46.3883, -53.3814, 26.8966, -3.98009e+08, -6.11223e+07, 1.40279e+08, -1.41108e+12, 
-2.21435e+11, 5.14311e+11, 3.48946, -44.8894, -36.3116, 4.94642e+06, -5.30473e+06, -7.91098e+06, 3.90215e+09, -4.14734e+09, -5.8239e+09, 38.8823, 30.3926, 32.4108, 2005.99, 336.344, 
-2581.97, 1.0754e+06, 240025, -1.41798e+06, 4.76073, 42.7301, 39.8951, 1.24211e+10, 1.37829e+10, 2.20717e+10, 5.02871e+13, 5.72883e+13, 9.03893e+13, -47.4108, -47.5889, 17.1116, 
-1.00187e+06, -252483, 912246, -3.88192e+09, -1.06303e+09, 3.68987e+09, 7.38736, 25.4623, 30.5755, 2.24651, 2.21219, 2.64088, 476.679, 469.397, 560.357, 40.5587, 
6.21103, 23.2532, 0.122942, 0.0834765, 0.2015, 491.412, 333.664, 805.415, 52.0794, -53.3035, -3.34735, 4.67706e+07, -2.16301e+06, -7.22297e+07, 2.52641e+09, -1.88228e+08, 
-3.87712e+09, -18.9572, 8.89046, -15.9644, -416119, 549701, -60722, -1.72244e+09, 2.29729e+09, -2.79761e+08, -39.5717, 3.20357, -30.8797, -113696, 147052, -446310, 
-2.3031e+08, 3.632e+08, -1.07037e+09, 14.0221, 23.5196, 20.4383, 0.0609155, 0.265487, 0.0431307, 197.446, 855.983, 133.691, 44.1199, -39.4263, -23.4745, 1.76381e+10, 
-1.2363e+11, -2.99967e+10, 7.0486e+13, -5.19105e+14, -1.30333e+14, 23.7993, 47.3394, 45.0078, -26.0698, -35.2785, -25.602, -9331.31, -9924.71, -9568.31, 30.5975, 42.4143, 
6.3198, 1.39755, 1.22683, -0.0800174, 1262.98, 1072.62, -47.2897, 59.7662, 48.2144, -32.388, 1.48998e+07, 3.51798e+06, -1.31635e+07, 3.79239e+09, 9.76259e+08, -3.50251e+09, 
43.3342, 26.2347, 4.94405, 87.135, -109.029, 390.255, 10500.2, -8594.38, 35458.6, -32.4995, 15.0416, -10.1929, -5.05184e+12, 2.20506e+12, -6.53932e+12, -2.36844e+16, 
1.03353e+16, -3.09049e+16, 31.413, 44.5922, 9.05391, 0.119239, 0.142752, 0.0781027, 507.552, 607.746, 333.62, 53.6989, 20.0107, 55.2467, 0.109314, 0.131297, 
0.020431, 462.546, 555.565, 86.4512
