45.1798, 58.1624, 4.97106, 3.18617, -3.20882, 0.209016, 3569.08, -3908.88, 772.205, -27.5832, -41.9041, -23.6539, -270684, -277562, -337556, -4.69763e+07, 
-4.44784e+07, -5.53391e+07, 4.92336, -3.26866, 58.0948, 2.98837e+13, -3.40436e+12, 2.80461e+13, 2.97442e+16, -3.65531e+15, 2.88444e+16, 32.3942, -24.3419, 48.1167, 431511, -595723, 
68183.9, 1.72459e+09, -2.44769e+09, 2.92881e+08, 50.3724, 57.5721, 48.2212, 0.160529, 0.145651, 0.0801232, 774.093, 702.347, 386.365, 58.174, 20.3367, 20.1053, 
3.16135, -3.33443, 1.3582, 13710.2, -13846.8, 5425.55, 54.1018, 14.138, 34.2675, 2.13467, 0.938661, 4.49937, 437.529, 183.543, 910.116, 20.1452, 
18.1013, 25.1471, 1.88508e+07, 4.59998e+07, 1.01818e+07, 3.45151e+10, 8.42386e+10, 1.95754e+10, 17.5138, 17.8088, 47.2945, -16573, 15171.9, 4625.59, -7.20858e+06, 6.82462e+06, 
2.03897e+06, 21.6124, -29.3254, -29.163, 393209, -1.03526e+06, -254671, 1.40031e+09, -3.80375e+09, -1.04613e+09, 15.5987, 19.4107, 17.1761, 1.0265e+09, 1.68064e+08, 4.66069e+08, 
1.32923e+12, 2.39172e+11, 5.87978e+11, -58.2799, 2.86921, 8.71727, -614307, 24272.3, 958625, -2.75934e+09, 8.08836e+07, 4.12912e+09, 19.7153, 49.1738, 58.6319, 714.213, 
-82.7631, -1001.64, 1.60068e+06, -2.78514e+06, -3.55725e+06, 41.6309, 51.2781, 13.0735, 67778.4, 125190, 25644.7, 1.04985e+08, 1.85659e+08, 3.61204e+07, 12.0349, 21.7583, 
42.9426, 0.257623, 1.09374, 0.724743, 202.704, 765.813, 521.368, -26.2982, -53.954, -31.1571, -4.60558e+10, -6.04177e+10, -8.17218e+10, -4.73901e+13, -6.39135e+13, -8.4266e+13, 
34.233, -41.2369, -3.55976, 1.97039e+06, -1.56175e+06, -1.1563e+06, 7.82479e+09, -5.95373e+09, -4.7347e+09, 48.6558, -6.14128, -34.6672, 67856.7, -111843, -20486.9, 1.80885e+08, 
-2.93009e+08, -6.22829e+07, 20.2107, 29.0322, 16.6698, 1099.26, -159.781, 1782.53, 4.43496e+06, -861642, 5.4245e+06, -17.1006, 23.6134, 42.7803, -2.52405e+10, 2.13609e+11, 
5.74355e+10, -6.23129e+13, 4.66747e+14, 1.20511e+14, -44.2675, 42.1285, 3.81964, -2.5673e+08, 2.37591e+09, 1.2003e+09, -1.88325e+10, 1.51631e+11, 7.34771e+10, -29.7762, 37.0151, 45.601, 
-28187.6, 82802.9, 35138.2, -7.13976e+07, 2.41992e+08, 1.08567e+08, 52.2472, 14.1924, 9.98306, -8313.98, -8249.84, 5545.08, -2.13852e+07, -2.13782e+07, 1.46084e+07, -35.2699, 
-3.26021, -30.3684, -4.8036e+08, -7.86477e+07, -2.18102e+08, -1.32923e+12, -2.39172e+11, -5.87978e+11, 20.5848, -42.3301, 17.2851, -253.009, -66180.4, 82780.7, -8.95732e+06, -1.06721e+08, 
1.25128e+08, -48.0214, 4.49124, 55.3344, -1.23223e+06, 3.23777e+06, 804010, -1.40098e+09, 3.79747e+09, 1.05333e+09, 19.1428, 38.8794, 7.36737, 0.100684, 0.21242, 0.194474, 
386.972, 816.418, 747.445, 44.6286, 34.6511, 22.8953, -3972.54, 3612.63, 4899.38, -6.5989e+06, 1.00886e+07, 9.88743e+06, -27.5194, -24.7423, -56.374, -34227.9, 
-709197, -580394, -1.06757e+08, -3.18343e+09, -2.6313e+09, 36.7331, 38.6105, 55.8556, 2.65231, -34.5852, 76.6126, 6447.81, -183023, 376592, 47.2889, 28.2131, 
1.91605, -22.1599, -12.2133, -2.88194, -26428.6, -14375.5, -3430.28, 4.56906, 31.9857, 32.0544, 20518.3, 25741.7, 3603.51, 1.39943e+08, 1.75569e+08, 2.45767e+07, 
29.2281, 5.54666, 59.0338, 0.0929849, -0.213848, 0.209756, 258.386, -589.296, 570.681, 36.2738, 20.7901, 33.9119, 0.0371381, 0.232485, 0.209728, 99.2, 
621.227, 560.446, 17.5598, 48.4722, 47.7702, 43512.1, 898917, 735911, 1.07203e+08, 3.18341e+09, 2.63218e+09, -27.6863, -27.1293, 41.9453, -1.95237e+06, -8.39493e+06, 
1.23655e+06, -6.46962e+09, -1.82886e+10, 3.86425e+09, 22.8914, 20.077, 29.1281, -41.0521, -20.0554, -1.28173, -171736, -77343.6, -10951.5, 30.2417, 49.2203, 52.9943, 
-4.12224, 2.15037, -24.6267, -3072.64, 1498.33, -18409.2, 51.881, 23.6303, 25.6256, 76.6591, -38.6168, -11.234, 235760, -119631, -33104.6, 54.8355, 
7.95552, 10.8125, 0.278116, 0.113037, 0.186659, 1226.32, 504.683, 822.212, -45.4581, -10.3005, -56.0564, -626707, -849636, -893655, -1.02072e+09, -1.38029e+09, 
-1.48301e+09, 49.9209, 59.3236, 54.9001, 1.72123, 1.61615, 0.200054, 695.519, 653.057, 80.8383, -34.4561, 32.2598, 41.3787, -3.78125e+08, 1.93516e+08, 4.50057e+08, 
-4.97079e+11, 2.4101e+11, 5.31331e+11, -16.7575, 49.6361, -46.1246, -75472.5, 3.2582e+06, -188316, 3.4384e+07, 2.22014e+09, -1.70568e+08, 29.101, 12.0792, -33.9604, 6788.37, 
31025, -30110.4, 3.68626e+07, 1.28987e+08, -1.18109e+08, 17.1444, 40.581, 28.5953, 0.13084, 0.209789, 0.20556, 614.237, 984.871, 965.017, 5.36528, 8.78439, 
29.1644, -698.678, 976.96, 1772.15, -1.7687e+06, 1.99083e+06, 3.34331e+06, 55.9608, 25.4378, 12.5943, 434.314, -2340.11, -2827.28, 170455, -2.13159e+06, -2.99263e+06, 
49.8126, 32.3171, -1.74505, 1.77027e+06, 7.65181e+06, -1.06503e+06, 6.50643e+09, 1.85537e+10, -3.7606e+09, 14.5229, 32.0473, 37.7763, 0.122332, 0.265476, 0.0628045, 410.367, 
890.549, 210.68, 19.9611, 35.2991, 53.3988, 1.00849e+10, 6.04091e+09, 4.92684e+09, 4.67626e+13, 2.64234e+13, 2.41858e+13, 21.6441, 26.5642, 23.6701, -256.874, -136.373, 
-917.041, -1.12868e+06, -592134, -4.11958e+06, 32.412, 58.9683, -28.9099, 3.443e+08, 1.5829e+08, -2.01376e+08, 1.44578e+12, 6.84538e+11, -8.93457e+11, -11.0289, -19.3395, -16.7993, 
-3.88029e+08, -9.46851e+08, -2.09565e+08, -3.45161e+10, -8.42395e+10, -1.95743e+10, 19.5842, 7.54535, -19.9859, 2.02786e+08, 2.45361e+08, -1.53914e+08, 6.31662e+11, 7.40221e+11, -4.30483e+11, 42.0592, 
34.8649, 45.8896, -0.449707, 0.787064, -0.385267, -1062.47, 1436.15, -566.891, 10.2558, -59.6568, -17.9919, 5.81588e+08, -4.2782e+08, -6.62053e+08, 1.60821e+12, -1.18607e+12, 
-1.78537e+12, 0.424938, 13.885, 29.7046, 23.6024, -13.9429, -72.2637, 66101.9, -28357.8, -165647, 59.6239, 54.0226, 11.2342, 0.207111, 0.102025, 0.194593, 
960.274, 473.037, 902.234, 37.1977, -33.8623, -49.7744, 4.96838e+06, -4.598e+07, -2.32288e+07, 1.88325e+10, -1.51631e+11, -7.3477e+10, 17.8886, 43.9316, 6.31557, 0.172035, 
0.0266747, 0.118069, 802.402, 124.416, 550.696, 29.6736, -41.4492, 51.6651, 4.97987e+08, -6.00141e+08, 7.80457e+08, 1.53783e+12, -1.84916e+12, 2.40347e+12, 51.022, 42.8662, 
59.0995, 4708.86, -149.326, -2159.18, 8.07258e+06, -304615, -3.89549e+06, -36.951, 26.9682, 14.3643, -2.75699e+06, 4.23862e+06, 4.66571e+06, -3.57069e+09, 5.55191e+09, 6.01165e+09, 
4.32397, 26.5073, 43.4856, 3.37957, 0.362267, 7.4908, 343.275, 36.7964, 760.868, -17.5726, -16.0778, -28.538, -19639.6, -51990.4, -22015.2, -6.01463e+07, 
-1.50392e+08, -6.22275e+07, 37.4961, 42.8877, 55.0663, 0.205628, 0.128029, 0.0863436, 791.903, 496.735, 337.618, 1.29365, 38.8337, 17.0684, 0.166177, 0.078708, 
0.200177, 827.701, 392.032, 997.052, 42.1264, 31.8741, 56.3625, -33.599, -14.784, -23.0462, -113075, -51132.6, -76877.4, 17.8582, 55.3683, 33.8069, 
-788.407, -6019.9, -74.4965, -397094, -3.042e+06, 17867.8, 21.3245, 57.8112, 23.8581, 0.0450696, 0.0473669, 0.424354, 58.9647, 61.9702, 555.184, -23.8607, 
52.6486, -1.72678, -2.54639e+08, 3.87369e+08, -7.19062e+08, -1.04065e+12, 1.60826e+12, -2.93496e+12, 2.40929, 49.7144, 53.0952, 923899, 1.25134e+06, 1.31485e+06, 1.02121e+09, 1.37963e+09, 
1.48064e+09, 11.6488, 4.89422, 25.3998, -84.8406, -384.387, 154.279, -380975, -1.70301e+06, 664047, 5.19256, 53.1004, 47.6577, 1.09169, -0.363709, -1.65028, 
4688.26, -1209.83, -7978.95, -21.6779, 16.6707, 57.6519, -1.7014e+06, 1.33922e+06, 993675, -7.8503e+09, 5.93133e+09, 4.72892e+09, 49.0365, 56.6691, 39.392, 0.878697, 
4.24409, 1.76373, 181.378, 879.006, 366.287, 55.8702, 39.1773, 36.9106, 9.0047, -27.3884, -8.94781, 36215.4, -102056, -35043.1, 32.431, 52.5222, 
37.5073, -21.3547, -6.7542, 9.82534, -32833.3, -16965.5, 10600, 51.1359, -20.6473, 46.389, 57458.7, -2.48079e+06, 143384, -3.43889e+07, -2.22015e+09, 1.70568e+08, 
-37.0743, -9.64413, -10.0756, -2.87673e+10, -1.72317e+10, -1.40538e+10, -4.67628e+13, -2.64236e+13, -2.41858e+13, -7.43176, -48.3043, 12.3165, -4.31588e+08, -1.98485e+08, 2.52414e+08, -1.44577e+12, 
-6.84757e+11, 8.93407e+11, 12.0514, -44.1936, -6.44592, 4.94691e+06, -7.60213e+06, -8.38234e+06, 3.56939e+09, -5.54763e+09, -6.01649e+09, 19.7598, 23.5687, 30.9257, -4006.57, 592.527, 
-6449.28, -4.45288e+06, 874137, -5.40754e+06, 18.4909, 22.5993, 46.1182, 1.09748e+10, 1.52005e+10, 2.09673e+10, 4.51505e+13, 6.43588e+13, 8.64829e+13, -47.405, -0.625681, 38.4155, 
-1.13713e+06, -764630, 953333, -4.76167e+09, -2.9742e+09, 4.09555e+09, 7.52215, 25.595, 30.734, 2.24651, 2.21219, 2.64088, 476.679, 469.397, 560.357, 40.5661, 
6.21604, 23.2653, 0.122942, 0.0834765, 0.2015, 491.412, 333.664, 805.415, 57.2345, -56.0646, -48.856, 5.06664e+07, -1.99628e+06, -7.90628e+07, 2.75929e+09, -8.05918e+07, 
-4.12892e+09, -15.2122, 13.1803, -49.3739, -422427, 583234, -66733.5, -1.72447e+09, 2.44774e+09, -2.92802e+08, -2.58055, 1.54853, -5.53906, -168833, 267232, -490564, 
-4.03153e+08, 6.17362e+08, -1.15803e+09, 14.0259, 23.5362, 20.4403, 0.0695752, 0.272038, 0.0372006, 223.856, 872.843, 124.238, 13.4526, -58.8248, -13.9336, 1.30901e+10, 
-1.10781e+11, -2.9787e+10, 6.23129e+13, -4.66747e+14, -1.20511e+14, 21.6527, 44.7691, 43.4811, -47.427, -44.7164, -29.8609, -15184.2, -14240.6, -9617.8, 30.6756, 42.484, 
6.31158, 1.38854, 1.03394, -0.214571, 1255.83, 916.741, -215.387, 8.40604, 7.04324, -47.1576, 1.69629e+07, 1.12096e+07, -1.3937e+07, 4.67565e+09, 2.85956e+09, -3.94038e+09, 
43.5885, 21.1459, 14.6436, -65.6914, -24.8011, 102.394, -4175.7, -1071.67, 9124.37, -11.1304, 37.7157, -8.01076, -6.48239e+12, 7.38477e+11, -6.08378e+12, -2.97442e+16, 
3.65531e+15, -2.88444e+16, 31.4202, 44.601, 9.05891, 0.122, 0.149922, 0.0875754, 519.368, 638.663, 373.218, 53.7055, 20.0186, 55.248, 0.109314, 0.131297, 
0.020431, 462.546, 555.565, 86.4512
