45.5587, 58.0938, 4.89796, 13.0829, 3.47, -4.68429, 14654, 4805.32, -6426.94, -11.4271, -35.2906, -37.9145, -437087, -383798, -332836, -7.26867e+07, 
-6.06287e+07, -5.205e+07, 33.4158, -22.7675, 4.02622, 3.0153e+13, -6.42575e+12, 3.0269e+13, 3.07804e+16, -5.79947e+15, 3.08585e+16, 45.9753, -46.3936, 33.8893, 407981, -621115, 
26039, 1.63635e+09, -2.54309e+09, 9.21707e+07, 50.382, 57.5808, 48.226, 0.160529, 0.145651, 0.0801232, 774.093, 702.347, 386.365, 58.4007, 20.1397, 20.1628, 
3.53632, -2.901, 0.671001, 14262.5, -11862.3, 2327.36, 56.8084, 14.7233, 34.7615, 650.61, 134.738, 58.5434, 261595, 54068.3, 22645.7, 33.5812, 
2.01143, 25.8551, 1.78737e+07, 4.58694e+07, 7.27162e+06, 3.23991e+10, 8.38646e+10, 1.3475e+10, 12.2993, 53.5165, 47.2424, -20784.7, 12704, 6270.48, -9.33712e+06, 5.77202e+06, 
2.84536e+06, 10.905, -36.6113, -43.4405, 76095.5, -1.05445e+06, -686241, 1.42135e+08, -4.00416e+09, -2.56522e+09, 54.4092, 21.4081, 44.6064, 1.22079e+09, 1.23085e+07, 5.52548e+08, 
1.5714e+12, 2.1079e+10, 7.09268e+11, -26.6831, -1.87246, 57.6169, -537974, -115357, 899973, -2.3599e+09, -5.54118e+08, 3.92873e+09, 9.77561, 42.6692, 21.6751, 1697.07, 
-3516.85, -2100.75, 7.13985e+06, -1.34924e+07, -9.14914e+06, 8.14916, 56.8421, 22.7255, 59522.7, 133511, 23196.5, 9.10486e+07, 2.00056e+08, 3.31109e+07, 12.0483, 21.8181, 
42.9928, 0.297975, 0.990624, 0.952095, 222.673, 696.133, 678.895, -39.5343, -37.9318, -31.6789, -5.6279e+10, -4.88007e+10, -7.90738e+10, -5.55702e+13, -4.93214e+13, -8.3297e+13, 
38.0034, -32.3893, -8.52029, 2.38073e+06, -1.63807e+06, -1.67574e+06, 9.54953e+09, -6.57431e+09, -6.57218e+09, 21.7897, -21.4469, -57.5155, 64785.6, -119666, -74815.4, 1.87462e+08, 
-3.06837e+08, -1.85992e+08, 57.8977, 30.995, 5.14268, 1567.85, 856.742, 3201.82, 5.04546e+06, 2.92917e+06, 1.12207e+07, -51.3459, 13.7959, 26.5351, -1.7391e+10, 1.85692e+11, 
5.70995e+10, -3.28908e+13, 4.04026e+14, 1.32153e+14, -53.9177, 53.3462, 31.3895, -1.20559e+08, 2.05946e+09, 1.36895e+09, -1.06268e+10, 1.27819e+11, 8.74728e+10, -13.7122, 31.359, 44.979, 
-34364.4, 80377.6, 18345.2, -1.03206e+08, 2.39795e+08, 5.74742e+07, 25.0646, 56.4936, 34.3021, -8524.59, -10282.9, 8380.23, -2.18463e+07, -2.71242e+07, 2.16715e+07, -23.4214, 
-2.07091, -37.7219, -5.71284e+08, -5.7601e+06, -2.58571e+08, -1.5714e+12, -2.10796e+10, -7.09268e+11, 18.3201, -6.9936, 42.6151, 9782.41, -90486.9, 41714.8, 2.38225e+07, -1.61343e+08, 
6.28764e+07, -22.8267, 59.3786, 22.1687, -240135, 3.29866e+06, 2.15619e+06, -1.44222e+08, 3.99881e+09, 2.57298e+09, 19.1489, 38.8922, 7.37904, 0.100684, 0.21242, 0.194474, 
386.972, 816.418, 747.445, 37.2106, 33.0605, 31.5915, -6412.09, 9740.72, 4462.61, -1.30404e+07, 1.99814e+07, 1.04281e+07, 13.5685, -0.382947, -9.2357, 47696.7, 
-675537, -477098, 1.72483e+08, -3.0303e+09, -2.23715e+09, 37.4412, 37.8534, 60.0577, 38.2719, -6.31807, 43.7431, 175375, -52639, 212697, 46.1083, 27.4453, 
1.80284, -18.9118, -14.4139, -2.60798, -22409.5, -16851.7, -3116.31, -3.13783, -51.2593, 52.3232, -2.70927e+06, 44332.5, 834853, -8.23418e+09, -8.23313e+08, 2.07727e+09, 
29.2344, 5.53232, 59.0455, 0.11586, -0.256215, 0.205031, 316.732, -702.403, 566.625, 36.276, 20.804, 33.9245, 0.0364707, 0.23241, 0.210052, 97.4042, 
621.032, 561.312, -3.25596, 23.9543, 5.39537, -60424.6, 856245, 605081, -1.72375e+08, 3.0303e+09, 2.23841e+09, -5.34821, 18.6399, 13.0233, -2.58935e+06, 2.47907e+06, 
5.58419e+06, -6.10185e+09, 7.58616e+09, 1.3387e+10, 20.8462, 19.6288, 29.7341, -30.8643, -8.21212, 11.6619, -131632, -39585.1, 48158.6, 29.8981, 49.2976, 51.5473, 
-7.57983, -0.204672, -24.1043, -5995.51, -284.284, -18042.8, 56.8443, 21.9614, 24.9423, 81.1582, -18.4371, -12.9128, 262461, -58409.8, -47774.9, 54.8517, 
7.96255, 10.8239, 0.270468, 0.118611, 0.191054, 1200.16, 528.503, 838.556, -22.6837, -16.8769, -6.26704, -837509, -732720, -905877, -1.42236e+09, -1.28583e+09, 
-1.58731e+09, 50.0242, 59.4205, 54.9121, 1.72123, 1.61615, 0.200054, 695.519, 653.057, 80.8383, -37.1077, 47.8293, 22.4968, -1.73016e+08, 3.89498e+08, 8.11414e+08, 
-1.8447e+11, 4.92685e+11, 1.00799e+12, 30.7924, 46.1046, 28.2465, 235449, 3.44092e+06, 79244.9, 3.70614e+07, 2.30239e+09, 1.66465e+08, 7.0011, 3.6098, -24.9545, 1890.47, 
39504, -16729.5, 58466.5, 1.79094e+08, -6.33329e+07, 17.1522, 40.5935, 28.6076, 0.13084, 0.209789, 0.20556, 614.237, 984.871, 965.017, 36.2368, 57.3561, 
50.5355, -801.026, 1052.1, 755.607, -1.60809e+06, 2.28295e+06, 1.59644e+06, 23.8439, 34.0585, 11.8027, 186.033, -2269.3, -1517.48, 347149, -1.87765e+06, -1.83254e+06, 
29.8548, -37.147, -55.3837, 2.38452e+06, -2.11921e+06, -4.99237e+06, 6.2484e+09, -7.33742e+09, -1.33392e+10, 8.34139, 35.0191, 37.6688, -333.13, 470.778, 98.5479, -1.01145e+06, 
1.88082e+06, 188460, 14.6656, 55.6477, 56.976, 1.01374e+10, 5.42222e+09, 3.61012e+09, 4.81545e+13, 2.34231e+13, 1.8138e+13, 54.967, 13.8799, 32.3269, -520.116, -269.251, 
-806.939, -2.49794e+06, -1.11859e+06, -3.44627e+06, 30.5937, 30.4035, -6.96688, 3.08334e+08, 1.45966e+08, -1.9424e+08, 1.29762e+12, 6.39848e+11, -7.89999e+11, -4.33026, -59.1846, -18.7185, 
-3.67904e+08, -9.44188e+08, -1.49672e+08, -3.23991e+10, -8.38676e+10, -1.34745e+10, 36.7977, 18.1808, -36.2983, 2.31474e+08, 2.87178e+08, -1.90685e+08, 6.59919e+11, 8.35182e+11, -5.84729e+11, 42.0066, 
34.8992, 45.8649, -1.69255, 0.287888, -0.363983, -2753.25, 335.005, -361.384, 25.1423, -13.5082, -50.9686, 5.62624e+08, -4.75807e+08, -6.16251e+08, 1.5415e+12, -1.25188e+12, 
-1.70961e+12, 0.715886, 13.9948, 26.6307, -13.5611, 5.23276, -63.5418, -39993.1, 14139.7, -162115, 59.6364, 54.0287, 11.2458, 0.207175, 0.102082, 0.194486, 
960.573, 473.278, 901.794, 24.8914, -0.857041, -55.3915, 2.33313e+06, -3.98558e+07, -2.64927e+07, 1.06268e+10, -1.27819e+11, -8.74727e+10, 17.8989, 43.9332, 6.32266, 0.172035, 
0.0266747, 0.118069, 802.402, 124.416, 550.696, 32.8622, -36.7587, 41.9602, 4.49282e+08, -5.49907e+08, 8.06858e+08, 1.39196e+12, -1.65381e+12, 2.43105e+12, 45.9327, 5.60554, 
51.9853, 3897.26, 489.042, -152.483, 6.27903e+06, 482061, -370730, -45.8463, 34.2625, 55.4325, -753787, 3.41822e+06, 6.5121e+06, -6.92998e+08, 4.74938e+09, 8.33923e+09, 
4.52675, 26.5291, 43.935, 3.37953, 0.362288, 7.49085, 343.272, 36.7995, 760.874, 40.4797, -26.3113, -6.42684, -14636.2, -53836.5, -23187.8, -4.45603e+07, 
-1.58039e+08, -6.6866e+07, 37.2306, 43.0111, 55.2813, -19.1976, -9.43149, 7.94886, -47148.3, -56154.1, 20904.8, 2.78752, 40.4168, 8.01665, -134.025, 173.282, 
-451.091, -778510, 937157, -2.69071e+06, 40.218, 30.9512, 54.7755, -30.8234, -13.9797, -24.6511, -106996, -49035.7, -82295.3, 58.6099, 55.2867, 3.98413, 
2222.53, -6109.63, 343.257, 1.1319e+06, -3.08177e+06, 220507, 21.3272, 57.8141, 23.8835, 0.0450696, 0.0473669, 0.424354, 58.9647, 61.9702, 555.184, -2.04655, 
17.2874, -17.605, -2.81324e+08, 2.89855e+08, -8.49584e+08, -1.20742e+12, 1.16127e+12, -3.43919e+12, 7.61331, 55.6289, 33.1018, 1.23364e+06, 1.07915e+06, 1.33284e+06, 1.42179e+09, 1.28522e+09, 
1.58489e+09, 7.74329, 43.0672, 38.1676, -123.163, -389.361, 188.231, -566491, -1.65653e+06, 844497, 5.28611, 53.0846, 47.5673, 1.51657, -0.608248, -1.23252, 
6975.51, -3617.84, -5836.47, -53.6697, 32.8183, 42.8651, -2.05366e+06, 1.40574e+06, 1.44309e+06, -9.57114e+09, 6.5564e+09, 6.57418e+09, 49.0851, 56.9263, 39.5007, 0.645328, 
4.35852, 1.84735, 133.04, 893.419, 383.391, 56.7816, 37.3894, 36.1327, 19.0526, -28.0278, -13.1451, 72843.1, -101597, -49913.1, 30.7567, 53.1106, 
39.2114, -23.5326, 17.401, 37.485, -24289, 15124.7, 49644.1, -17.6126, -54.4656, -17.702, -179278, -2.61992e+06, -60337.3, -3.70677e+07, -2.30239e+09, -1.66465e+08, 
-59.3495, -22.9147, -55.3405, -2.89111e+10, -1.54669e+10, -1.02996e+10, -4.81462e+13, -2.34223e+13, -1.81401e+13, -6.12072, -55.3173, 40.2606, -3.86525e+08, -1.83028e+08, 2.43484e+08, -1.29769e+12, 
-6.40034e+11, 7.90002e+11, 52.8753, -3.16684, -41.4131, 1.35483e+06, -6.13222e+06, -1.16976e+07, 6.94389e+08, -4.74688e+09, -8.34522e+09, 24.4961, 17.2194, 20.68, -5706.42, -3095.22, 
-11598.6, -5.06322e+06, -2.91662e+06, -1.12039e+07, 59.0345, 3.17574, 36.9622, 1.35207e+10, 1.22997e+10, 2.03021e+10, 5.33689e+13, 4.97379e+13, 8.55928e+13, -38.185, -14.6522, 2.59835, 
-924831, -760661, 1.15821e+06, -3.88105e+09, -3.06097e+09, 4.49947e+09, 7.65694, 25.7278, 30.8925, 2.24651, 2.21219, 2.64088, 476.679, 469.397, 560.357, 40.5735, 
6.22105, 23.2774, 0.122942, 0.0834765, 0.2015, 491.412, 333.664, 805.415, 6.39691, 16.1187, -5.87249, 4.43719e+07, 9.51967e+06, -7.42251e+07, 2.35991e+09, 5.54393e+08, 
-3.92853e+09, -39.3251, 24.7599, -5.91313, -399393, 608092, -25471.6, -1.63624e+09, 2.54314e+09, -9.20866e+07, -19.7518, 35.4354, -47.074, -91155.8, 151058, -558299, 
-1.93556e+08, 3.09832e+08, -1.31403e+09, 14.029, 23.5518, 20.4427, 0.0507418, 0.261699, 0.0357592, 165.879, 838.831, 113.846, 21.8622, -46.7574, -37.3477, 9.01925e+09, 
-9.63026e+10, -2.96127e+10, 3.28908e+13, -4.04026e+14, -1.32153e+14, 18.4197, 41.8514, 41.4944, -75.0512, -51.8289, -26.9525, -22662.6, -17339.7, -8968.28, 30.7543, 42.5432, 
6.29166, 1.45637, 0.889529, -0.407844, 1320.86, 804.101, -407.111, 59.2663, 19.0972, -8.12829, 1.38315e+07, 1.1027e+07, -1.70764e+07, 3.81763e+09, 2.91563e+09, -4.35722e+09, 
33.133, 16.2344, 20.4125, -249.335, -19.6261, 33.2553, -21920.7, -2104.16, 4304.39, -1.25147, 52.7636, -5.31671, -6.54082e+12, 1.39388e+12, -6.56599e+12, -3.07804e+16, 
5.79947e+15, -3.08585e+16, 31.4277, 44.6103, 9.06446, 0.126331, 0.158553, 0.0975787, 537.848, 675.031, 415.814, 53.712, 20.0265, 55.2492, 0.109314, 0.131297, 
0.020431, 462.546, 555.565, 86.4512
