46.4375, 58.1861, 4.24936, 20.7184, -0.6062, -16.5462, 24376.6, -159.393, -19274.6, -21.2811, -52.8729, -38.7267, -371121, -388580, -411298, -6.30895e+07, 
-6.37505e+07, -6.55142e+07, 57.5586, -51.0507, 30.2747, 3.79564e+13, -5.23598e+12, 3.41714e+13, 3.90038e+16, -5.7108e+15, 3.54796e+16, 48.7775, -33.1562, 47.3224, 419903, -630089, 
77138.3, 1.71943e+09, -2.54743e+09, 3.16572e+08, 50.3916, 57.5896, 48.2308, 0.160529, 0.145651, 0.0801232, 774.093, 702.347, 386.365, 58.6153, 19.9784, 20.2231, 
3.95615, -2.85747, 2.00976, 16161.2, -11567.2, 8415.42, 3.54353, 19.9809, 42.1667, -24814.3, 36860.7, 12710.7, -5.72262e+06, 9.03067e+06, 2.52277e+06, 41.8389, 
17.2293, 43.4957, 1.73414e+07, 4.95189e+07, 8.85829e+06, 3.12437e+10, 9.16739e+10, 1.62822e+10, -4.44115, 13.3795, 17.685, -22193.5, 12727, 6736.03, -9.53576e+06, 5.65982e+06, 
3.15222e+06, 21.3185, -39.0929, -59.1299, 277519, -1.45455e+06, -575636, 8.49207e+08, -5.30382e+09, -2.29013e+09, 50.9645, 7.73458, 44.6838, 1.06214e+09, 1.37095e+08, 7.39608e+08, 
1.40957e+12, 1.84657e+11, 9.83684e+11, -2.80982, -45.9913, 38.4688, -666025, -23848.7, 1.10318e+06, -2.95679e+09, -6.15469e+07, 4.84043e+09, 41.0094, 25.2954, 14.4679, -711.11, 
-1788.24, -1802.48, -4.40936e+06, -7.91191e+06, -9.15056e+06, 53.7225, 38.3576, 21.288, 70459.5, 134831, 11811.6, 1.05672e+08, 2.00342e+08, 1.5143e+07, 12.0701, 21.8784, 
43.0563, 0.333065, 1.03648, 1.04018, 239.488, 735.313, 734.316, -35.4746, -39.9837, -35.88, -7.51212e+10, -5.48091e+10, -8.81631e+10, -7.61901e+13, -5.57576e+13, -8.89835e+13, 
52.9948, -30.7326, -23.6705, 2.82048e+06, -1.18719e+06, -1.76271e+06, 1.13977e+10, -4.86689e+09, -6.79256e+09, 24.3919, -29.5365, -27.6883, 65204.3, -150890, -13793.9, 1.98804e+08, 
-4.25912e+08, -3.56442e+07, 41.274, 25.4413, 10.1604, 1564.88, -1623.09, 2641.65, 5.04755e+06, -4.60311e+06, 8.35948e+06, -29.9236, 14.7805, 3.89665, -2.12703e+10, 1.81068e+11, 
4.70238e+10, -4.12857e+13, 3.8781e+14, 1.05774e+14, -24.5813, 46.8607, 6.18901, -3.11757e+07, 2.18983e+09, 1.46759e+09, -2.54615e+09, 1.38872e+11, 9.44187e+10, -8.1611, 10.7683, 1.11617, 
-28618.2, 90800.1, 27561.9, -7.87596e+07, 2.65218e+08, 7.08624e+07, 24.1828, 44.5224, 22.6089, -8828.38, -10403.9, 7267.71, -2.34461e+07, -2.7182e+07, 1.83313e+07, -1.97644, 
-9.48384, -52.5717, -4.9704e+08, -6.41552e+07, -3.46108e+08, -1.40957e+12, -1.84657e+11, -9.83684e+11, -25.8462, -16.5541, 56.7433, -19792.2, -151041, -15968.2, -2.87058e+07, -2.43937e+08, 
-3.45662e+07, -0.588524, 31.4923, 23.1101, -869441, 4.55234e+06, 1.80862e+06, -8.49278e+08, 5.29882e+09, 2.29631e+09, 19.1549, 38.9049, 7.39071, 0.100684, 0.21242, 0.194474, 
386.972, 816.418, 747.445, 10.877, 42.3682, 4.81616, -4069.64, 5851.38, 2852.76, -6.88747e+06, 1.30653e+07, 8.24413e+06, 30.1647, -59.6874, -30.0877, 114436, 
-809693, -397076, 4.80002e+08, -3.69863e+09, -1.8242e+09, 39.567, 37.5411, 3.0033, 57.7164, -8.36431, 70.03, 287579, -43218.3, 326487, 44.9062, 26.6599, 
1.72078, -20.0465, -13.0474, -1.34115, -23562.7, -15604.8, -1895.33, -16.565, -4.16322, 9.0233, -2.89973e+06, -1.73369e+06, 3.96247e+06, -1.00285e+10, -5.40304e+09, 1.4061e+10, 
29.2401, 5.51648, 59.0569, 0.0913162, -0.259997, 0.176014, 257.613, -719.258, 484.874, 36.2782, 20.818, 33.9371, 0.0356183, 0.232386, 0.210396, 95.1146, 
620.97, 562.234, -21.6263, 46.438, 32.72, -145241, 1.02641e+06, 503646, -4.80672e+08, 3.6991e+09, 1.82551e+09, -14.4196, 30.5866, 53.2539, -1.40928e+07, 1.45685e+07, 
1.91935e+07, -2.86878e+10, 3.04732e+10, 4.26719e+10, 19.2678, 19.2759, 30.4675, -10.9796, -6.50595, 14.2901, -40756.4, -24731.6, 57359, 29.4339, 49.2886, 50.0689, 
-7.60407, 1.34001, -26.1604, -5661, 784.566, -19981.5, 1.4665, 20.9229, 24.5312, 71.4679, -20.832, -6.75864, 222723, -70875.7, -22833, 54.8683, 
7.97003, 10.8355, 0.271859, 0.127074, 0.195626, 1198.93, 561.068, 863.405, -28.2868, -22.5593, -46.7486, -683133, -1.06749e+06, -1.20934e+06, -1.20501e+09, -1.83062e+09, 
-2.0117e+09, 50.0177, 59.2201, 55.1731, -25.7357, -72.7403, 62.4502, -21494.3, -59439.3, 50389.3, -9.50751, 15.6124, 36.4275, -3.39126e+08, 4.17083e+08, 7.92618e+08, 
-3.91196e+11, 5.34457e+11, 9.69686e+11, 45.2596, 29.8337, 40.214, 1.99692e+06, 4.86154e+06, 759387, 1.26795e+09, 3.17813e+09, 6.61046e+08, 5.49973, 33.715, 53.862, 9560.67, 
64085.8, 7693.17, 3.77367e+07, 2.66783e+08, 4.11937e+07, 17.1601, 40.6061, 28.6199, 0.13084, 0.209789, 0.20556, 614.237, 984.871, 965.017, 51.0464, 12.6549, 
6.55043, 478.532, 5320.62, 3109.27, 1.52228e+06, 8.7333e+06, 5.86084e+06, 46.3902, 56.8984, 31.8783, -1297.86, -3906.05, -3158.57, -1.15009e+06, -3.45799e+06, -3.09002e+06, 
16.1262, -28.3775, -0.292466, 1.27012e+07, -1.29929e+07, -1.7207e+07, 2.87951e+10, -3.02525e+10, -4.25898e+10, 58.923, 56.1971, 50.9677, -309.611, -118.308, 437.728, -1.27155e+06, 
-290876, 1.23781e+06, 10.1408, 42.0501, 39.9346, 1.40839e+10, 3.83982e+09, 2.99357e+09, 6.41806e+13, 1.81235e+13, 1.23557e+13, 9.30046, 45.1063, 59.3861, 287.252, -1791.8, 
-1421.38, 1.88773e+06, -9.36713e+06, -6.27272e+06, 52.6389, 46.7348, -41.9071, 3.3476e+08, 5.55705e+07, -2.71935e+08, 1.40141e+12, 1.94184e+11, -1.15161e+12, -47.5656, -57.0479, -2.86296, 
-3.56948e+08, -1.01929e+09, -1.82343e+08, -3.12434e+10, -9.16749e+10, -1.62827e+10, 11.5152, 42.1201, -43.8218, 1.59456e+08, 2.31501e+08, -1.69823e+08, 4.50001e+11, 6.63055e+11, -5.23578e+11, 41.9652, 
34.9121, 45.8167, -0.368856, -0.126407, -0.65695, -853.691, -13.5972, -1155.11, 45.8972, -29.294, -24.7319, 7.51801e+08, -4.13654e+08, -5.6709e+08, 2.00924e+12, -1.1111e+12, 
-1.56653e+12, 59.4384, 13.7709, 22.9069, -29.4527, -20.4512, -47.4982, -76981.5, -53652.5, -127451, 59.6488, 54.0349, 11.2575, 0.207078, 0.102072, 0.194495, 
960.221, 473.283, 901.792, 46.578, -10.5391, -16.9092, 603327, -4.23788e+07, -2.84017e+07, 2.54614e+09, -1.38872e+11, -9.44187e+10, 17.9093, 43.9348, 6.32974, 0.172035, 
0.0266747, 0.118069, 802.402, 124.416, 550.696, 6.28378, -36.0088, 1.18589, 4.85329e+08, -5.77498e+08, 7.61241e+08, 1.4871e+12, -1.76837e+12, 2.32589e+12, 18.6111, 38.7982, 
48.5595, 6833.64, 1860.04, 2457.82, 1.17628e+07, 2.74552e+06, 4.10544e+06, -47.0082, 19.9991, 37.7965, -2.57637e+06, 3.9192e+06, 1.01116e+07, -3.3013e+09, 4.64674e+09, 1.29818e+10, 
4.73288, 26.5528, 44.3953, 3.56048, 0.18619, 8.00171, 362.375, 4.9861, 817.413, 15.374, -13.9355, 28.3426, -20447.9, -57193.4, -17930.8, -5.98138e+07, 
-1.64787e+08, -4.98518e+07, 36.8721, 42.0422, 55.0285, 4.59379, -19.0138, -11.3536, 2729.66, -97000.5, -20835.1, 23.2077, 30.0736, 10.8089, -1374.59, 1043.89, 
-34.1918, -7.19414e+06, 5.34178e+06, -392509, 38.0952, 29.9546, 53.2003, -33.6134, -17.439, -26.6031, -114587, -57714.5, -91150.2, 57.3973, 41.8211, 27.0216, 
3345.26, -6221.91, 446.989, 1.65707e+06, -3.15433e+06, 212248, 21.3299, 57.8169, 23.909, 0.0450696, 0.0473669, 0.424354, 58.9647, 61.9702, 555.184, -42.1117, 
25.8765, -48.8261, -2.57183e+08, 3.01925e+08, -8.09855e+08, -1.09581e+12, 1.23404e+12, -3.29569e+12, 39.6216, 51.1496, 56.7192, 1.00608e+06, 1.57277e+06, 1.78004e+06, 1.2043e+09, 1.83033e+09, 
2.00937e+09, 13.3396, 22.1892, 55.4376, 97.7881, -420.105, 188.655, 356375, -1.90151e+06, 856671, 5.42367, 53.0255, 47.4038, 2.77659, -1.87753, -3.13917, 
11768.1, -8090.52, -13565.7, -52.9376, 15.13, 38.8178, -2.42866e+06, 1.01672e+06, 1.51604e+06, -1.14043e+10, 4.8441e+09, 6.78742e+09, 49.1241, 57.1928, 39.6084, 0.675969, 
4.50223, 1.70593, 138.748, 927.755, 349.979, 57.6187, 35.6692, 35.28, 11.5551, -26.8642, -12.0768, 40972.1, -102475, -45477, 31.0413, 52.2479, 
42.3702, 8.48261, -19.9933, 65.5113, 13584.8, -18418.1, 89811.8, -12.4575, -50.0739, -58.3293, -1.52046e+06, -3.70158e+06, -578197, -1.26796e+09, -3.17814e+09, -6.61046e+08, 
-55.5221, -0.26161, -2.30005, -4.01681e+10, -1.09494e+10, -8.54743e+09, -6.41706e+13, -1.81181e+13, -1.23698e+13, -21.3629, -33.5603, 44.5895, -4.19643e+08, -6.97052e+07, 3.40874e+08, -1.40146e+12, 
-1.9434e+11, 1.15159e+12, 34.8166, -3.52274, -58.3583, 4.62422e+06, -7.03276e+06, -1.81555e+07, 3.30105e+09, -4.64533e+09, -1.29851e+10, 8.23413, 15.7822, 10.5013, -5695.33, 5901.34, 
-9566.5, -5.06498e+06, 4.61561e+06, -8.34284e+06, 29.4575, 7.65847, 3.90743, 1.8155e+10, 1.38e+10, 2.25253e+10, 7.37309e+13, 5.62055e+13, 9.1075e+13, -25.2194, -32.4327, 30.1601, 
-796689, -973449, 905090, -3.29854e+09, -3.80763e+09, 3.65429e+09, 7.79173, 25.8605, 31.0509, 2.24651, 2.21219, 2.64088, 476.679, 469.397, 560.357, 40.5809, 
6.22606, 23.2895, 0.122942, 0.0834765, 0.2015, 491.412, 333.664, 805.415, 25.6036, 29.4387, -1.54752, 5.49325e+07, 1.97096e+06, -9.09825e+07, 2.95676e+09, 6.1764e+07, 
-4.84005e+09, -32.9685, 44.294, -48.3808, -411063, 616880, -75496.9, -1.71932e+09, 2.54749e+09, -3.1648e+08, -34.7659, 7.40527, -41.7884, -97911.8, 104612, -601149, 
-1.82475e+08, 2.24864e+08, -1.41979e+09, 14.032, 23.5673, 20.4448, 0.055602, 0.258238, 0.0306434, 173.229, 832.423, 99.004, 12.6453, -31.5751, -59.1298, 1.10311e+10, 
-9.39047e+10, -2.43873e+10, 4.12857e+13, -3.8781e+14, -1.05774e+14, 11.7426, 38.4756, 40.3373, -104.779, -50.3074, -17.5667, -32014.2, -15263.9, -4093.35, 30.8581, 42.593, 
6.26451, 1.80808, 0.674883, -0.407997, 1681.24, 574.609, -386.36, 2.47903, 2.8759, -42.7916, 1.17982e+07, 1.43083e+07, -1.33251e+07, 3.20819e+09, 3.67726e+09, -3.54077e+09, 
18.8051, 22.3971, 23.9789, -284.01, 162.071, 40.3073, -28132.8, 16331.4, 5526.78, -24.4822, 16.7569, -5.86502, -8.23352e+12, 1.13579e+12, -7.41248e+12, -3.90038e+16, 
5.7108e+15, -3.54796e+16, 31.4353, 44.6201, 9.0707, 0.129556, 0.167671, 0.110209, 551.27, 713.681, 469.796, 53.7186, 20.0343, 55.2504, 0.109314, 0.131297, 
0.020431, 462.546, 555.565, 86.4512
