48.0308, 58.2044, 3.1853, 29.9413, -1.44056, -13.9018, 34307, -2532.61, -14830.8, -28.4672, -18.8044, -59.2603, -526830, -323151, -380967, -8.907e+07, 
-5.40475e+07, -6.20453e+07, 35.5346, -32.7259, 17.3211, 3.04393e+13, -4.69399e+12, 3.18766e+13, 3.13051e+16, -4.88255e+15, 3.22648e+16, 28.3125, -45.1224, 53.886, 435187, -578144, 
107345, 1.77271e+09, -2.32273e+09, 4.13184e+08, 50.4013, 57.5983, 48.2356, 0.160529, 0.145651, 0.0801232, 774.093, 702.347, 386.365, 58.8329, 19.813, 20.3282, 
3.59159, -3.06237, 1.13661, 15470, -13202.4, 5362.84, -35.6614, 46.8485, 45.6466, -36977.4, 44792.8, 86357.7, -5.82782e+06, 7.44844e+06, 1.70997e+07, 22.9177, 
54.5351, 37.8996, 1.76306e+07, 4.79484e+07, 1.00309e+07, 3.33029e+10, 8.82279e+10, 1.86309e+10, -7.41598, 16.9406, 35.3579, -23913.1, 11557.7, 9308.5, -1.0523e+07, 5.07553e+06, 
4.14362e+06, 28.686, -58.3024, -19.9281, 122452, -1.60371e+06, -180735, 4.26983e+08, -5.79131e+09, -6.4322e+08, 44.1186, 32.8932, 41.1458, 1.02569e+09, 9.95977e+07, 6.79859e+08, 
1.31306e+12, 1.3869e+11, 8.93566e+11, -45.8028, 41.7693, 16.5117, -540193, 37927.9, 1.23783e+06, -2.35393e+09, 1.77527e+08, 5.40164e+09, 57.7622, 52.43, 18.6263, -465.578, 
-3065.66, -3794.63, -3.77772e+06, -1.31072e+07, -1.90423e+07, 54.0469, 31.8716, 49.6551, 69739.5, 133141, -1663.76, 1.03185e+08, 1.97633e+08, -3.23225e+06, 12.0886, 21.9487, 
43.1185, 0.257169, 1.27893, 1.14036, 183.237, 932.748, 823.307, -20.1484, -25.9991, -57.8785, -8.57322e+10, -5.9182e+10, -8.19834e+10, -8.57194e+13, -6.03062e+13, -8.64029e+13, 
39.9453, -34.6245, -59.0643, 3.11301e+06, -994538, -1.53802e+06, 1.25837e+10, -3.93191e+09, -6.10194e+09, 54.9699, -9.46515, -40.2458, 21093.5, -175114, -27673.2, 5.48696e+07, 
-4.95089e+08, -8.87915e+07, 24.7523, 5.97146, 15.0849, 1535.16, -1826.32, 1103.48, 4.92358e+06, -7.44448e+06, 3.02857e+06, -38.7802, 1.85255, 29.3932, -1.73903e+10, 1.87554e+11, 
4.02245e+10, -3.4677e+13, 4.13081e+14, 9.5415e+13, -37.2134, 8.00663, 40.1205, -1.82492e+08, 2.14326e+09, 1.6713e+09, -1.04015e+10, 1.37273e+11, 1.06981e+11, -40.5927, 23.2103, 5.71724, 
-23093.9, 82242.3, 43941.5, -5.88604e+07, 2.37617e+08, 1.1791e+08, 15.7675, 58.2386, 30.6392, -8736.21, -10799.9, 10024.5, -2.314e+07, -2.74379e+07, 2.59204e+07, -31.7052, 
-19.8864, -6.88179, -4.79984e+08, -4.66081e+07, -3.18148e+08, -1.31306e+12, -1.38691e+11, -8.93566e+11, -9.68738, -4.95235, 13.1164, -30516.1, -198868, -3808.18, -4.24714e+07, -3.1869e+08, 
-3.41578e+06, -23.6498, 55.3251, 48.3532, -384750, 5.01986e+06, 572351, -4.28477e+08, 5.78628e+09, 6.50663e+08, 19.161, 38.9177, 7.40237, 0.100684, 0.21242, 0.194474, 
386.972, 816.418, 747.445, 17.5912, 25.9981, 25.2523, -4393.9, 6512.4, 7702.61, -6.87301e+06, 1.35936e+07, 1.90472e+07, 37.6583, -56.6814, -12.8127, 165789, 
-942750, -492860, 7.89546e+08, -4.26939e+09, -2.22767e+09, 42.2282, 38.0776, 6.51556, 34.1101, 31.5138, 74.1552, 146178, 143971, 348499, 43.7013, 25.8188, 
1.62303, -20.2833, -15.1696, -0.974714, -23569.3, -17953, -1200.57, -22.1137, 42.9648, 26.2035, -2.78707e+06, 529291, 2.51981e+06, -9.08858e+09, 1.29027e+09, 8.41583e+09, 
29.2466, 5.50054, 59.0672, 0.112221, -0.261963, 0.172498, 312.735, -720.41, 469.192, 36.2803, 20.8319, 33.9498, 0.0346013, 0.2324, 0.210758, 92.3873, 
621.008, 563.2, -15.4663, 48.5426, 35.4935, -210293, 1.1952e+06, 624986, -7.90128e+08, 4.2703e+09, 2.22869e+09, -1.9212, 58.2658, 7.344, -9.86592e+06, 1.73701e+07, 
2.08555e+07, -2.03464e+10, 3.81839e+10, 4.53579e+10, 19.3663, 18.8334, 31.2559, -7.34028, -3.94817, 14.9114, -34552.8, -19915.2, 61909.4, 28.9799, 49.2418, 48.4182, 
-7.24163, -1.47871, -27.3188, -5455.26, -1335.66, -20549.9, 5.30212, 19.9963, 24.0724, 53.5601, -17.8623, -11.2496, 162219, -62051.9, -42627.8, 54.8849, 
7.97712, 10.8469, 0.27899, 0.115207, 0.187333, 1227.89, 509.737, 823.718, -18.9713, -37.8475, -41.5641, -944397, -1.27241e+06, -984527, -1.64857e+09, -2.1698e+09, 
-1.67194e+09, 2.43529, 17.2791, 37.7141, -2284.05, -1672.99, 6323.22, -823137, -784290, 2.57163e+06, -31.2499, 18.5843, 12.0125, -3.33157e+08, 5.31396e+08, 7.28197e+08, 
-4.4221e+11, 6.51174e+11, 8.96103e+11, 27.0245, 29.8041, 15.3863, 3.17902e+06, 4.10288e+06, 2.01855e+06, 2.15747e+09, 2.64929e+09, 1.45297e+09, 19.4115, 55.4575, 33.2063, 14293.1, 
78951.5, 2257.77, 5.13376e+07, 3.27436e+08, 7.85738e+06, 17.1679, 40.6187, 28.6323, 0.13084, 0.209789, 0.20556, 614.237, 984.871, 965.017, 24.2528, 28.0611, 
19.0865, 2365.01, 4705.35, -190.845, 3.76161e+06, 8.69542e+06, -1.04161e+06, 28.0807, 14.4973, 51.115, 515.501, -5390.31, -2842.58, 521515, -5.18689e+06, -2.66131e+06, 
21.5436, -6.74532, -52.7321, 8.92996e+06, -1.55004e+07, -1.87059e+07, 2.05128e+10, -3.79385e+10, -4.52866e+10, 58.4865, 33.6771, 21.4034, -131.318, -805.246, 546.726, -398219, 
-2.96153e+06, 1.67546e+06, 19.3136, 28.1118, -25.8295, 1.32908e+10, 5.68287e+09, -8.88906e+08, 5.97898e+13, 2.82058e+13, -4.55305e+12, 39.1934, 6.05096, 8.93442, 1026.65, -2108.17, 
-4781.57, 2.9671e+06, -7.597e+06, -2.07408e+07, 15.9969, 22.7337, -58.9173, 2.52679e+08, 1.57446e+07, -2.28502e+08, 1.03489e+12, 5.38122e+10, -9.80349e+11, -51.2925, -38.3465, -27.163, 
-3.62905e+08, -9.86935e+08, -2.0648e+08, -3.33034e+10, -8.82262e+10, -1.86315e+10, 47.4419, 47.2347, -58.0438, 1.92898e+08, 2.36076e+08, -3.41126e+08, 6.04786e+11, 6.67749e+11, -1.00679e+12, 41.9537, 
34.8796, 45.7451, -0.143127, -1.48215, -0.880511, -415.66, -2448.99, -1478.5, 3.187, -1.48841, -38.6372, 7.21952e+08, -4.39823e+08, -5.41114e+08, 1.95915e+12, -1.20394e+12, 
-1.49334e+12, 57.5254, 13.4651, 20.4564, -54.9218, 0.905859, -43.8613, -135260, -4384.46, -99849.6, 59.6612, 54.041, 11.2692, 0.207177, 0.102103, 0.194384, 
960.654, 473.43, 901.286, 50.8715, -28.5762, -15.5024, 3.53168e+06, -4.14776e+07, -3.23439e+07, 1.04015e+10, -1.37273e+11, -1.06981e+11, 17.9196, 43.9364, 6.33683, 0.172035, 
0.0266747, 0.118069, 802.402, 124.416, 550.696, 28.2657, -22.9945, 34.2709, 5.29194e+08, -5.39988e+08, 7.78852e+08, 1.60039e+12, -1.63515e+12, 2.37024e+12, 45.8046, 52.0901, 
9.53234, 6136.22, 5059.46, 509.367, 1.04979e+07, 9.6084e+06, 1.30138e+06, -17.6767, 47.8289, 38.9064, -2.53744e+06, 2.46667e+06, 1.35501e+07, -3.39711e+09, 3.10634e+09, 1.75668e+10, 
5.00014, 26.5294, 44.8648, 5.62294, -0.36261, 6.99653, 580.087, -41.3544, 698.727, 9.11867, -5.21005, 14.3106, -20105.4, -54588.5, -12339.5, -5.65718e+07, 
-1.58506e+08, -3.49828e+07, 39.7054, 41.729, 56.0779, 34.1669, 17.3983, 58.8335, 145930, 69036.4, 258271, 39.7585, 12.3186, 35.0468, -1728.63, 832.159, 
1056.38, -7.99812e+06, 3.87484e+06, 5.30462e+06, 36.1788, 28.8052, 51.7629, -30.3261, -21.2399, -18.8289, -103506, -75574, -66007.3, 10.4587, 33.5922, 31.6692, 
3450.18, -5926.76, 205.443, 1.71556e+06, -2.92742e+06, 100902, 21.3326, 57.8198, 23.9344, 0.0450696, 0.0473669, 0.424354, 58.9647, 61.9702, 555.184, -11.9492, 
9.59057, -58.3254, -2.91668e+08, 2.38934e+08, -8.03196e+08, -1.15809e+12, 9.84113e+11, -3.26645e+12, 6.06929, 44.2741, 56.7644, 1.39092e+06, 1.87373e+06, 1.44948e+06, 1.64776e+09, 2.16834e+09, 
1.67046e+09, 15.9611, 59.0766, 7.49784, -86.2644, -331.113, 333.764, -362904, -1.39102e+06, 1.51919e+06, 5.55633, 52.9597, 47.2269, 3.41281, -1.77564, -3.11118, 
15681.5, -8854.6, -13396.8, -23.1011, 25.1249, 32.0414, -2.68093e+06, 854242, 1.32338e+06, -1.259e+10, 3.9233e+09, 6.09927e+09, 49.1617, 57.4677, 39.7174, 0.645584, 
4.54303, 1.90781, 129.033, 934.558, 385.499, 58.4197, 33.7575, 34.4609, 11.9612, -34.7825, -15.8991, 44787.2, -131121, -61818, 32.337, 51.053, 
45.1178, 17.2536, -27.5576, 41.2656, 29599.8, -43634, 56168.2, -18.2318, -46.3461, -45.5186, -2.42051e+06, -3.12394e+06, -1.53693e+06, -2.15748e+09, -2.6493e+09, -1.45297e+09, 
-21.6138, -25.0834, 56.3888, -3.79061e+10, -1.62115e+10, 2.53032e+09, -5.97807e+13, -2.8207e+13, 4.54463e+12, -34.0544, -36.297, 24.9571, -3.16761e+08, -1.9792e+07, 2.86432e+08, -1.03497e+12, 
-5.40024e+10, 9.80338e+11, 41.4245, -15.0533, -0.347502, 4.55287e+06, -4.42537e+06, -2.43299e+07, 3.39593e+09, -3.10455e+09, -1.75718e+10, 51.72, 4.71198, 38.384, -5587.37, 6638.07, 
-3986.17, -4.94091e+06, 7.45646e+06, -3.01195e+06, 45.9743, 22.8952, 27.8775, 2.08017e+10, 1.49065e+10, 2.1088e+10, 8.31556e+13, 6.08421e+13, 8.89044e+13, -50.3391, -41.4172, 13.9339, 
-1.06957e+06, -1.13521e+06, 853557, -4.57284e+09, -4.48468e+09, 3.64882e+09, 7.92652, 25.9932, 31.2094, 2.24651, 2.21219, 2.64088, 476.679, 469.397, 560.357, 40.5883, 
6.23107, 23.3016, 0.122942, 0.0834765, 0.2015, 491.412, 333.664, 805.415, 6.23272, -39.5842, -45.365, 4.45539e+07, -3.12247e+06, -1.02088e+08, 2.35388e+09, -1.7722e+08, 
-5.40128e+09, -27.5269, 30.2327, -51.444, -426028, 566029, -105076, -1.7726e+09, 2.3228e+09, -4.13116e+08, -44.7458, 52.6796, -46.4305, -72843.3, 211369, -606012, 
-1.92225e+08, 4.97501e+08, -1.40158e+09, 14.035, 23.583, 20.4467, 0.0685927, 0.258782, 0.0261744, 224.646, 840.46, 82.3141, 26.8148, -52.9247, -43.8833, 9.01891e+09, 
-9.72688e+10, -2.08611e+10, 3.4677e+13, -4.13081e+14, -9.5415e+13, 3.6234, 35.6623, 38.8542, -133.34, -43.2085, -29.5075, -39804.2, -12451.1, -6852.69, 30.9487, 42.6337, 
6.23438, 1.30205, 0.753438, -0.365807, 1182.39, 666.695, -335.756, 29.3306, 47.0611, -3.34996, 1.59859e+07, 1.67221e+07, -1.25959e+07, 4.50076e+09, 4.34222e+09, -3.54848e+09, 
2.67214, 32.5917, 36.0766, -306.524, 203.346, 234.877, -27259.8, 18686.2, 24714, -37.3859, 33.7467, -57.5399, -6.60292e+12, 1.01822e+12, -6.91471e+12, -3.13051e+16, 
4.88255e+15, -3.22648e+16, 31.4432, 44.6305, 9.07774, 0.132479, 0.178508, 0.123707, 564.339, 759.703, 527.742, 53.7252, 20.0422, 55.2516, 0.109314, 0.131297, 
0.020431, 462.546, 555.565, 86.4512
