49.842, 58.2361, 2.09734, 32.4624, -0.782009, -23.9152, 37505, -1002.16, -27931.1, -51.2302, -34.2087, -5.32598, -465029, -248460, -421132, -7.64349e+07, 
-3.93534e+07, -6.76844e+07, 44.8494, 56.1102, 10.0133, 2.33123e+13, 2.91762e+11, 3.24315e+13, 2.37284e+16, 4.7252e+14, 3.29351e+16, 8.89109, -10.3332, 9.75123, 407633, -547208, 
123453, 1.64145e+09, -2.21999e+09, 5.16996e+08, 50.4109, 57.6071, 48.2404, 0.159384, 0.145175, 0.0783803, 776.039, 704.463, 375.7, 59.0239, 19.6135, 20.3848, 
2.61425, -3.41788, 0.708773, 11281, -14632, 3104.67, 43.8082, 42.3481, 9.60212, 28074.7, -7395.49, 140686, 6.74346e+06, -2.8826e+06, 2.81869e+07, 6.62693, 
36.1977, 31.0409, 1.69881e+07, 5.0847e+07, 6.37431e+06, 3.0998e+10, 9.25252e+10, 1.15691e+10, -35.6212, 1.75451, 2.55742, -24462.7, 10611.1, 6403.09, -1.05195e+07, 4.64994e+06, 
2.62238e+06, 2.07022, -52.7588, -13.3515, 215515, -1.23882e+06, -99304.8, 7.59248e+08, -4.72491e+09, -2.05627e+08, 43.8552, 40.7403, 2.7572, 9.79876e+08, 2.36811e+07, 7.72589e+08, 
1.25306e+12, 4.13145e+10, 9.88107e+11, -29.2805, -33.5394, 46.1137, -447125, -27859.9, 1.12693e+06, -2.03578e+09, -1.96839e+08, 4.92559e+09, 39.3053, 15.8635, 29.3333, -1025.58, 
-2814.66, -4277.09, -6.62953e+06, -9.24142e+06, -1.70418e+07, 51.5571, 51.3814, 59.9936, 81858.6, 124700, -11368.4, 1.26175e+08, 1.85941e+08, -2.04581e+07, 12.1101, 22.0276, 
43.1924, 0.460262, 1.43925, 1.37026, 325.709, 1050.17, 989.072, -14.9784, -40.2271, -4.91707, -7.55134e+10, -7.4497e+10, -7.44326e+10, -7.60583e+13, -7.86199e+13, -7.50127e+13, 
24.9153, -33.3808, -51.6065, 2.50345e+06, -887777, -2.22071e+06, 1.0177e+10, -3.25043e+09, -9.14339e+09, -37.0874, -54.7671, -55.4099, -49993.6, -253978, -58421.4, -1.50363e+08, 
-6.76486e+08, -1.63035e+08, 8.68265, 51.9869, 24.2373, 1601.81, -506.794, 2275.17, 5.10763e+06, -2.74762e+06, 7.90463e+06, 34.472, 33.5784, 8.39405, 1.184e+10, 1.80777e+11, 
4.46049e+10, 2.61411e+13, 3.931e+14, 1.01961e+14, -7.83347, 13.32, 2.64924, -1.59178e+07, 2.46514e+09, 1.38384e+09, -2.0106e+09, 1.59912e+11, 9.04125e+10, 58.839, 12.7309, 57.494, 
-12307, 79262.2, 46129.3, -3.35453e+07, 2.2277e+08, 1.38904e+08, 26.6477, 31.7384, 59.4163, -9424.39, -11959.6, 11036.7, -2.46931e+07, -3.13766e+07, 2.8719e+07, -29.871, 
-36.0955, -9.44784, -4.58544e+08, -1.10822e+07, -3.61542e+08, -1.25306e+12, -4.13153e+10, -9.88107e+11, 44.3964, -31.0151, 48.5152, 16343.3, -145681, 23099.3, 1.41329e+07, -2.25897e+08, 
5.06409e+07, -47.9681, 19.7155, 56.5035, -676001, 3.87667e+06, 316330, -7.60166e+08, 4.72008e+09, 2.11816e+08, 19.167, 38.9304, 7.41404, 0.100684, 0.21242, 0.194474, 
386.972, 816.418, 747.445, 58.4087, 7.31804, 20.6968, -5829.51, 5793.35, 7566.02, -1.01634e+07, 1.01493e+07, 1.48706e+07, -1.81912, -16.4108, -11.9877, -19177.2, 
-884322, -582696, -1.09858e+08, -3.91723e+09, -2.67421e+09, 43.2386, 39.7359, 10.2382, 8.7249, 10.3381, 72.5408, 31898.8, 37946.8, 360347, 42.4398, 24.9067, 
1.51833, -23.7846, -14.8247, -2.03212, -28123.3, -17334.2, -2060.55, -34.85, -11.9145, 17.5432, -2.8954e+06, -3.53601e+06, 3.45292e+06, -9.00911e+09, -1.19701e+10, 1.15964e+10, 
29.253, 5.48494, 59.0777, 0.287595, -0.317858, 0.250866, 1377.53, -1078.82, 912.583, 36.2824, 20.8459, 33.9624, 0.0350427, 0.232984, 0.210694, 94.1888, 
624.002, 561.835, 11.67, 37.5925, 53.1225, 24116.2, 1.12118e+06, 738856, 1.09198e+08, 3.91825e+09, 2.67527e+09, -23.498, 10.8288, 50.656, -9.73353e+06, 1.34962e+07, 
2.22404e+07, -2.28512e+10, 3.04644e+10, 4.95534e+10, 17.5949, 18.3326, 31.8412, -37.2025, -11.6648, 7.73548, -149584, -47425.7, 34215.8, 28.5709, 49.1915, 46.8107, 
-7.97757, -0.929099, -26.243, -5599.42, -702.948, -19394.3, 8.47945, 18.6963, 23.1244, 53.0306, -32.3234, -26.9726, 174013, -106709, -87032.8, 54.9015, 
7.98386, 10.8581, 0.271696, 0.114168, 0.188515, 1205.95, 500.438, 830.243, -35.3217, -14.9257, -20.6587, -1.11309e+06, -1.60352e+06, -1.01223e+06, -1.93104e+09, -2.67751e+09, 
-1.73488e+09, 56.3128, 31.0675, 29.8569, 461.366, -3074.21, 4594.04, -43012.3, -1.2279e+06, 2.10125e+06, -14.6771, 36.2451, 0.584524, -1.65677e+08, 5.51073e+08, 6.46914e+08, 
-2.08254e+11, 6.9862e+11, 8.08545e+11, 38.3688, 55.695, 38.8484, 3.91025e+06, 3.6601e+06, 1.72786e+06, 2.67877e+09, 2.56002e+09, 1.13376e+09, 22.2676, 50.9318, 44.673, -4696.08, 
56566.9, -4355.12, -7.44028e+06, 2.27734e+08, -3.05118e+07, 17.1716, 40.8903, 28.5948, -0.912551, 64.9645, -12.2536, -9182.32, 608976, -116016, 34.9885, 55.9395, 
32.0613, -400.864, 4923.86, -1069.43, -1.12264e+06, 7.96369e+06, -2.744e+06, 48.7336, 3.21285, 3.1577, -2306.59, -5665.75, -3868.85, -2.38547e+06, -5.35675e+06, -3.6709e+06, 
9.19911, -51.2994, -13.3724, 8.81178e+06, -1.20358e+07, -1.9965e+07, 2.30192e+10, -3.02642e+10, -4.95289e+10, 59.6678, 40.2871, 53.6616, 360.934, -1043.94, 717.174, 1.24741e+06, 
-3.63635e+06, 2.24675e+06, 27.6149, 4.84151, -32.7353, 1.59784e+10, 6.87062e+09, -2.02918e+09, 7.36454e+13, 3.09872e+13, -9.00184e+12, 28.1212, 47.5285, 44.1396, -1903.31, 355.797, 
-7504.15, -9.41559e+06, 2.86523e+06, -3.26118e+07, 58.1668, 32.1456, -44.2185, 2.37281e+08, 2.17097e+07, -1.64696e+08, 9.9214e+11, 8.83296e+10, -7.0947e+11, -38.6569, -0.228959, -25.3742, 
-3.497e+08, -1.04659e+09, -1.31225e+08, -3.10002e+10, -9.25228e+10, -1.15706e+10, 8.24603, 30.5932, -57.335, 1.25003e+08, 2.84883e+08, -2.82407e+08, 3.40541e+11, 8.32773e+11, -8.69594e+11, 41.951, 
34.8098, 45.7248, 0.0892415, -1.51947, 0.0289448, 181.987, -2675.77, -43.8962, 48.9531, -11.8861, -52.1997, 7.45091e+08, -1.74433e+08, -4.80255e+08, 2.05505e+12, -5.1218e+11, 
-1.29424e+12, 52.7371, 13.9711, 18.1343, -109.638, -14.4766, -35.4958, -265011, -42162.7, -77262.4, 59.6736, 54.0471, 11.2808, 0.207118, 0.102158, 0.194415, 
960.36, 473.705, 901.461, 14.4004, -26.4015, -56.8735, 308046, -4.77067e+07, -2.67808e+07, 2.01059e+09, -1.59912e+11, -9.04125e+10, 17.9299, 43.938, 6.34391, 0.172035, 
0.0266747, 0.118069, 802.402, 124.416, 550.696, 6.03723, -4.39396, 37.4068, 5.51196e+08, -5.83489e+08, 8.08554e+08, 1.70858e+12, -1.77173e+12, 2.49835e+12, 19.4288, 49.8744, 
28.4995, 10889, 5737.01, 1875.72, 1.97695e+07, 9.68212e+06, 3.78968e+06, -41.2801, 12.7672, 14.2797, -1.55017e+06, 924304, 1.12461e+07, -1.89432e+09, 1.31354e+09, 1.446e+10, 
5.38249, 26.4985, 45.3495, 6.88494, -0.584772, 8.78358, 690.015, -46.5264, 905.741, -8.47429, -7.47533, 46.712, -25747.6, -49863.3, -7599.04, -7.79782e+07, 
-1.4352e+08, -1.81702e+07, 42.015, 43.6495, 57.7622, 51.2801, 26.2678, -31.6475, 201111, 85225.1, -142038, 1.35334, 11.7137, 8.31534, -1893.87, 908.163, 
604.858, -9.18828e+06, 4.19014e+06, 3.56164e+06, 34.0153, 27.6676, 50.7791, -41.2219, -16.4604, -13.6486, -139947, -58313.5, -46368.2, 38.2551, 31.9422, 52.2404, 
3734.49, -5945.9, 694.207, 1.88943e+06, -3.01049e+06, 328218, 21.3353, 57.8226, 23.9599, 0.0450696, 0.0473669, 0.424354, 58.9647, 61.9702, 555.184, -57.3572, 
11.4867, -54.1978, -3.59425e+08, 2.65284e+08, -8.00353e+08, -1.50022e+12, 1.07328e+12, -3.30696e+12, 35.9672, 10.9545, 58.1874, 1.63911e+06, 2.36171e+06, 1.49028e+06, 1.92977e+09, 2.67606e+09, 
1.73332e+09, 17.46, 43.3912, 29.1312, 109.145, -274.906, 391.615, 541895, -1.52449e+06, 1.76739e+06, 5.74635, 52.9326, 47.0656, 3.00513, 0.0987472, -3.14504, 
12903, 1435.84, -13804, -11.1346, 60.0265, 51.2823, -2.15557e+06, 764026, 1.90745e+06, -1.01813e+10, 3.24897e+09, 9.12485e+09, 49.201, 57.7335, 39.8274, 0.573154, 
4.4045, 1.86494, 117.854, 912.961, 383.425, 59.203, 31.4774, 33.44, 15.2671, -40.7419, -17.2863, 56890.1, -151158, -63791.7, 34.2249, 48.8293, 
47.0352, 48.1136, -34.3577, 27.8547, 73241.7, -49384.4, 34617.8, -12.0682, -47.9924, -24.5693, -2.97727e+06, -2.78681e+06, -1.31559e+06, -2.67877e+09, -2.56002e+09, -1.13376e+09, 
-8.96402, -23.8006, 48.3824, -4.55722e+10, -1.9591e+10, 5.78098e+09, -7.36364e+13, -3.09752e+13, 8.99025e+12, -31.3813, -0.201644, 45.7425, -2.97464e+08, -2.72624e+07, 2.06462e+08, -9.92233e+11, 
-8.84893e+10, 7.09512e+11, 14.0676, -12.7259, -22.3405, 2.78105e+06, -1.65818e+06, -2.01897e+07, 1.89316e+09, -1.31279e+09, -1.44619e+10, 33.4527, 34.2026, 50.9302, -5829.9, 1851.25, 
-8237.35, -5.12572e+06, 2.75988e+06, -7.88851e+06, 2.65891, 0.245108, 0.0678019, 1.82824e+10, 1.85219e+10, 1.91188e+10, 7.36631e+13, 7.82999e+13, 7.71779e+13, -36.6465, -4.69834, 47.9609, 
-1.22278e+06, -1.44026e+06, 1.12651e+06, -4.81991e+09, -5.68973e+09, 4.69215e+09, 8.06131, 26.126, 31.3678, 2.24651, 2.21219, 2.64088, 476.679, 469.397, 560.357, 40.5956, 
6.23607, 23.3137, 0.122942, 0.0834765, 0.2015, 491.412, 333.664, 805.415, 15.8378, 2.27413, -4.29524, 3.68772e+07, 2.30172e+06, -9.2942e+07, 2.0357e+09, 1.97032e+08, 
-4.9253e+09, -11.5504, 52.3711, -55.2587, -399044, 535738, -120850, -1.64131e+09, 2.22004e+09, -5.16948e+08, -49.5919, -13.2625, -47.5327, -92252.2, -46541.2, -555309, 
-2.4802e+08, -1.32999e+08, -1.29083e+09, 14.0406, 23.5984, 20.4483, 0.104876, 0.258474, 0.0303994, 332.479, 834.714, 93.5504, -55.7838, -9.63582, -50.7716, -6.14044e+09, 
-9.37537e+10, -2.31328e+10, -2.61411e+13, -3.931e+14, -1.01961e+14, 54.8747, 32.7009, 38.4922, -156.71, -36.1714, -7.73101, -48042.8, -10993.5, -1943.23, 31.0167, 42.686, 
6.20229, 1.11825, 0.860311, -0.655593, 1019.76, 784.384, -559.515, 42.849, 23.0487, -22.33, 1.8221e+07, 2.12524e+07, -1.69194e+07, 4.7216e+09, 5.51473e+09, -4.63173e+09, 
45.3491, 40.1182, 50.2713, -239.064, -10.8594, 307.444, -24429.8, -2727.04, 31144, -18.6296, -6.93293, -13.8977, -5.05693e+12, -6.32892e+10, -7.03508e+12, -2.37284e+16, 
-4.7252e+14, -3.29351e+16, 31.4513, 44.6415, 9.08562, 0.138526, 0.19032, 0.136662, 598.285, 815.743, 574.28, 53.7317, 20.0501, 55.2529, 0.109314, 0.131297, 
0.020431, 462.546, 555.565, 86.4512
